-2.999999999999999737e-05 -5.839745561598323284e-07
-2.994134897360703764e-05 -5.393202006273108790e-07
-2.988269794721407451e-05 -4.946872699359649325e-07
-2.982404692082111478e-05 -4.500983156054564137e-07
-2.976539589442815165e-05 -4.055758132361026137e-07
-2.970674486803518853e-05 -3.611421464486625714e-07
-2.964809384164222879e-05 -3.168195908954257882e-07
-2.958944281524926567e-05 -2.726302983565850377e-07
-2.953079178885630255e-05 -2.285962809359157681e-07
-2.947214076246334281e-05 -1.847393953698574667e-07
-2.941348973607037969e-05 -1.410813274641108051e-07
-2.935483870967741995e-05 -9.764357667189015264e-08
-2.929618768328445683e-05 -5.444744082797987325e-08
-2.923753665689149371e-05 -1.151400105273727555e-08
-2.917888563049853397e-05 3.113589315985079121e-08
-2.912023460410557085e-05 7.348163865597564599e-08
-2.906158357771261111e-05 1.155028931236712516e-07
-2.900293255131964799e-05 1.571795893683896635e-07
-2.894428152492668486e-05 1.984919493486443216e-07
-2.888563049853372513e-05 2.394204979579870756e-07
-2.882697947214076200e-05 2.799460765397171338e-07
-2.876832844574779888e-05 3.200498561208697662e-07
-2.870967741935483915e-05 3.597133503522067935e-07
-2.865102639296187602e-05 3.989184281411131908e-07
-2.859237536656891629e-05 4.376473259645342997e-07
-2.853372434017595316e-05 4.758826598492935798e-07
-2.847507331378299004e-05 5.136074370074074337e-07
-2.841642228739003030e-05 5.508050671142719901e-07
-2.835777126099706718e-05 5.874593732179050452e-07
-2.829912023460410744e-05 6.235546022677225636e-07
-2.824046920821114432e-05 6.590754352516907650e-07
-2.818181818181817781e-05 6.940069969310268658e-07
-2.812316715542522146e-05 7.283348651620247271e-07
-2.806451612903225495e-05 7.620450797949541994e-07
-2.800586510263929521e-05 7.951241511404283865e-07
-2.794721407624633209e-05 8.275590679940443931e-07
-2.788856304985337236e-05 8.593373052105906899e-07
-2.782991202346040923e-05 8.904468308195562819e-07
-2.777126099706744611e-05 9.208761126742097472e-07
-2.771260997067448298e-05 9.506141246269882314e-07
-2.765395894428152325e-05 9.796503522245107617e-07
-2.759530791788856013e-05 1.007974797916029157e-06
-2.753665689149559700e-05 1.035577985769728018e-06
-2.747800586510263727e-05 1.062450965691846659e-06
-2.741935483870967414e-05 1.088585317144179872e-06
-2.736070381231671441e-05 1.113973152356126811e-06
-2.730205278592375128e-05 1.138607119028069065e-06
-2.724340175953078816e-05 1.162480402523477101e-06
-2.718475073313782842e-05 1.185586727547792039e-06
-2.712609970674486530e-05 1.207920359312757133e-06
-2.706744868035190557e-05 1.229476104185535338e-06
-2.700879765395894244e-05 1.250249309822598532e-06
-2.695014662756597932e-05 1.270235864789047192e-06
-2.689149560117301958e-05 1.289432197664660085e-06
-2.683284457478005646e-05 1.307835275638672745e-06
-2.677419354838709334e-05 1.325442602595923470e-06
-2.671554252199413360e-05 1.342252216697693558e-06
-2.665689149560117048e-05 1.358262687461219228e-06
-2.659824046920821074e-05 1.373473112342530531e-06
-2.653958944281524762e-05 1.387883112827918825e-06
-2.648093841642228449e-05 1.401492830040004394e-06
-2.642228739002932476e-05 1.414302919864990316e-06
-2.636363636363636163e-05 1.426314547608375427e-06
-2.630498533724340190e-05 1.437529382186978358e-06
-2.624633431085043878e-05 1.447949589865774117e-06
-2.618768328445747565e-05 1.457577827548639716e-06
-2.612903225806451592e-05 1.466417235632694013e-06
-2.607038123167155279e-05 1.474471430436496770e-06
-2.601173020527858967e-05 1.481744496212942795e-06
-2.595307917888562993e-05 1.488240976758207975e-06
-2.589442815249266681e-05 1.493965866628661569e-06
-2.583577712609970707e-05 1.498924601978126905e-06
-2.577712609970674395e-05 1.503123051028410258e-06
-2.571847507331378083e-05 1.506567504186424086e-06
-2.565982404692082109e-05 1.509264663821728186e-06
-2.560117302052785797e-05 1.511221633718695647e-06
-2.554252199413489823e-05 1.512445908217928660e-06
-2.548387096774193511e-05 1.512945361061904197e-06
-2.542521994134897199e-05 1.512728233960201594e-06
-2.536656891495601225e-05 1.511803124889946364e-06
-2.530791788856304913e-05 1.510178976147452904e-06
-2.524926686217008600e-05 1.507865062167258192e-06
-2.519061583577712627e-05 1.504870977125028679e-06
-2.513196480938416314e-05 1.501206622341003403e-06
-2.507331378299120341e-05 1.496882193500847308e-06
-2.501466275659824028e-05 1.491908167710914056e-06
-2.495601173020527716e-05 1.486295290405086865e-06
-2.489736070381231743e-05 1.480054562120429397e-06
-2.483870967741935091e-05 1.473197225158982501e-06
-2.478005865102639457e-05 1.465734750153059974e-06
-2.472140762463342805e-05 1.457678822551436106e-06
-2.466275659824046832e-05 1.449041329043790664e-06
-2.460410557184750520e-05 1.439834343940751135e-06
-2.454545454545454546e-05 1.430070115526787353e-06
-2.448680351906157895e-05 1.419761052403148832e-06
-2.442815249266862260e-05 1.408919709837880117e-06
-2.436950146627565609e-05 1.397558776139843587e-06
-2.431085043988269974e-05 1.385691059073466336e-06
-2.425219941348973323e-05 1.373329472330779091e-06
-2.419354838709677349e-05 1.360487022077045560e-06
-2.413489736070381037e-05 1.347176793586081138e-06
-2.407624633431085064e-05 1.333411937981067453e-06
-2.401759530791788412e-05 1.319205659096392662e-06
-2.395894428152492778e-05 1.304571200475732349e-06
-2.390029325513196126e-05 1.289521832521269685e-06
-2.384164222873900153e-05 1.274070839808585062e-06
-2.378299120234603841e-05 1.258231508581400267e-06
-2.372434017595307528e-05 1.242017114439960308e-06
-2.366568914956011555e-05 1.225440910236451059e-06
-2.360703812316715242e-05 1.208516114190418258e-06
-2.354838709677419269e-05 1.191255898236737911e-06
-2.348973607038122956e-05 1.173673376618231843e-06
-2.343108504398826644e-05 1.155781594734572756e-06
-2.337243401759530670e-05 1.137593518258653065e-06
-2.331378299120234358e-05 1.119122022531103695e-06
-2.325513196480938046e-05 1.100379882243172101e-06
-2.319648093841642072e-05 1.081379761417674374e-06
-2.313782991202345760e-05 1.062134203697200490e-06
-2.307917888563049786e-05 1.042655622948286572e-06
-2.302052785923753474e-05 1.022956294189711716e-06
-2.296187683284457162e-05 1.003048344852568096e-06
-2.290322580645161188e-05 9.829437463792374248e-07
-2.284457478005864876e-05 9.626543061678571117e-07
-2.278592375366568902e-05 9.421916598683364390e-07
-2.272727272727272590e-05 9.215672640354716629e-07
-2.266862170087976277e-05 9.007923891441250303e-07
-2.260997067448680304e-05 8.798781129709611153e-07
-2.255131964809383992e-05 8.588353143466537673e-07
-2.249266862170087679e-05 8.376746672819777427e-07
-2.243401759530791706e-05 8.164066354706516988e-07
-2.237536656891495393e-05 7.950414671712929105e-07
-2.231671554252199420e-05 7.735891904703091748e-07
-2.225806451612903107e-05 7.520596089270552003e-07
-2.219941348973606795e-05 7.304622976020501196e-07
-2.214076246334310821e-05 7.088065994685665595e-07
-2.208211143695014509e-05 6.871016222073951826e-07
-2.202346041055718536e-05 6.653562353840993433e-07
-2.196480938416422223e-05 6.435790680075874602e-07
-2.190615835777125911e-05 6.217785064683613426e-07
-2.184750733137829937e-05 5.999626928543174883e-07
-2.178885630498533625e-05 5.781395236415351617e-07
-2.173020527859237313e-05 5.563166487570152733e-07
-2.167155425219941339e-05 5.345014710099070735e-07
-2.161290322580645027e-05 5.127011458873102137e-07
-2.155425219941349053e-05 4.909225817103347437e-07
-2.149560117302052402e-05 4.691724401456684600e-07
-2.143695014662756428e-05 4.474571370675059337e-07
-2.137829912023460116e-05 4.257828437643022149e-07
-2.131964809384164142e-05 4.041554884844191268e-07
-2.126099706744867491e-05 3.825807583143683626e-07
-2.120234604105571857e-05 3.610641013829877790e-07
-2.114369501466275205e-05 3.396107293845286645e-07
-2.108504398826979571e-05 3.182256204133063433e-07
-2.102639296187682919e-05 2.969135221022135775e-07
-2.096774193548386946e-05 2.756789550570932619e-07
-2.090909090909090634e-05 2.545262165786434391e-07
-2.085043988269794660e-05 2.334593846632455544e-07
-2.079178885630498348e-05 2.124823222737974311e-07
-2.073313782991202374e-05 1.915986818713828431e-07
-2.067448680351905723e-05 1.708119101983076702e-07
-2.061583577712610088e-05 1.501252533028292809e-07
-2.055718475073313437e-05 1.295417617956055432e-07
-2.049853372434017802e-05 1.090642963277062656e-07
-2.043988269794721151e-05 8.869553327978107280e-08
-2.038123167155425178e-05 6.843797065178456461e-08
-2.032258064516128865e-05 4.829393414244562438e-08
-2.026392961876832892e-05 2.826558340751194081e-08
-2.020527859237536240e-05 8.354918485587054326e-09
-2.014662756598240606e-05 -1.143621361974797683e-08
-2.008797653958943955e-05 -3.110611221300489399e-08
-2.002932551319648320e-05 -5.065321604666553955e-08
-1.997067448680351669e-05 -7.007609633959842059e-08
-1.991202346041055695e-05 -8.937344968586462986e-08
-1.985337243401759383e-05 -1.085440908658660809e-07
-1.979472140762463409e-05 -1.275869455718732904e-07
-1.973607038123166758e-05 -1.465010430600489647e-07
-1.967741935483870784e-05 -1.652855087411410213e-07
-1.961876832844574472e-05 -1.839395567220804687e-07
-1.956011730205278499e-05 -2.024624823107338562e-07
-1.950146627565982186e-05 -2.208536544961134597e-07
-1.944281524926685874e-05 -2.391125084163239666e-07
-1.938416422287389900e-05 -2.572385378265489702e-07
-1.932551319648093588e-05 -2.752312875793405392e-07
-1.926686217008797614e-05 -2.930903461294586864e-07
-1.920821114369501302e-05 -3.108153380754451215e-07
-1.914956011730204990e-05 -3.284059167500673905e-07
-1.909090909090909016e-05 -3.458617568716842185e-07
-1.903225806451612704e-05 -3.631825472684916846e-07
-1.897360703812316391e-05 -3.803679836875062026e-07
-1.891495601173020418e-05 -3.974177617000213254e-07
-1.885630498533724105e-05 -4.143315697151232414e-07
-1.879765395894428132e-05 -4.311090821127169563e-07
-1.873900293255131820e-05 -4.477499525073255733e-07
-1.868035190615835507e-05 -4.642538071537593339e-07
-1.862170087976539534e-05 -4.806202385055328093e-07
-1.856304985337243221e-05 -4.968487989367052940e-07
-1.850439882697947248e-05 -5.129389946375785238e-07
-1.844574780058650935e-05 -5.288902796944376584e-07
-1.838709677419354623e-05 -5.447020503632616985e-07
-1.832844574780058649e-05 -5.603736395470395528e-07
-1.826979472140762337e-05 -5.759043114860416231e-07
-1.821114369501466025e-05 -5.912932566700695021e-07
-1.815249266862170051e-05 -6.065395869813910710e-07
-1.809384164222873739e-05 -6.216423310767200474e-07
-1.803519061583577765e-05 -6.366004300162269750e-07
-1.797653958944281453e-05 -6.514127331472196686e-07
-1.791788856304985141e-05 -6.660779942497093050e-07
-1.785923753665689167e-05 -6.805948679507007882e-07
-1.780058651026392855e-05 -6.949619064136151906e-07
-1.774193548387096881e-05 -7.091775563088159604e-07
-1.768328445747800230e-05 -7.232401560707729841e-07
-1.762463343108504256e-05 -7.371479334469444779e-07
-1.756598240469207944e-05 -7.508990033429597927e-07
-1.750733137829911970e-05 -7.644913659682454401e-07
-1.744868035190615319e-05 -7.779229052857011128e-07
-1.739002932551319685e-05 -7.911913877685561204e-07
-1.733137829912023033e-05 -8.042944614670125619e-07
-1.727272727272727399e-05 -8.172296553867613703e-07
-1.721407624633430747e-05 -8.299943791809188647e-07
-1.715542521994134774e-05 -8.425859231564112615e-07
-1.709677419354838462e-05 -8.550014585952687765e-07
-1.703812316715542488e-05 -8.672380383907530857e-07
-1.697947214076245837e-05 -8.792925979976893290e-07
-1.692082111436950202e-05 -8.911619566958131035e-07
-1.686217008797653551e-05 -9.028428191643650082e-07
-1.680351906158357916e-05 -9.143317773656480789e-07
-1.674486803519061265e-05 -9.256253127346410971e-07
-1.668621700879765291e-05 -9.367197986712549707e-07
-1.662756598240468979e-05 -9.476115033312283686e-07
-1.656891495601173006e-05 -9.582965927110995353e-07
-1.651026392961876693e-05 -9.687711340221662661e-07
-1.645161290322580720e-05 -9.790310993477725794e-07
-1.639296187683284068e-05 -9.890723695777298522e-07
-1.633431085043988434e-05 -9.988907386131605298e-07
-1.627565982404691783e-05 -1.008481917834501208e-06
-1.621700879765396148e-05 -1.017841540824920453e-06
-1.615835777126099497e-05 -1.026965168340895965e-06
-1.609970674486803523e-05 -1.035848293521184299e-06
-1.604105571847507211e-05 -1.044486347324989007e-06
-1.598240469208211237e-05 -1.052874704189628490e-06
-1.592375366568914586e-05 -1.061008687897599277e-06
-1.586510263929618612e-05 -1.068883577642474363e-06
-1.580645161290322300e-05 -1.076494614282706069e-06
-1.574780058651026327e-05 -1.083837006771980416e-06
-1.568914956011730014e-05 -1.090905938754439066e-06
-1.563049853372433702e-05 -1.097696575312716153e-06
-1.557184750733137728e-05 -1.104204069856437969e-06
-1.551319648093841416e-05 -1.110423571138524453e-06
-1.545454545454545104e-05 -1.116350230386369951e-06
-1.539589442815249130e-05 -1.121979208534731031e-06
-1.533724340175952818e-05 -1.127305683546935908e-06
-1.527859237536656844e-05 -1.132324857810835001e-06
-1.521994134897360532e-05 -1.137031965595751828e-06
-1.516129032258064389e-05 -1.141422280556561340e-06
-1.510263929618768246e-05 -1.145491123270918161e-06
-1.504398826979471933e-05 -1.149233868795575673e-06
-1.498533724340175791e-05 -1.152645954227705990e-06
-1.492668621700879648e-05 -1.155722886257096538e-06
-1.486803519061583505e-05 -1.158460248695140681e-06
-1.480938416422287192e-05 -1.160853709966557637e-06
-1.475073313782991049e-05 -1.162899030549888911e-06
-1.469208211143694906e-05 -1.164592070352888609e-06
-1.463343108504398763e-05 -1.165928796009099025e-06
-1.457478005865102451e-05 -1.166905288082055805e-06
-1.451612903225806308e-05 -1.167517748163771119e-06
-1.445747800586510165e-05 -1.167762505854364550e-06
-1.439882697947214022e-05 -1.167636025610002820e-06
-1.434017595307917710e-05 -1.167134913446550400e-06
-1.428152492668621567e-05 -1.166255923486697346e-06
-1.422287390029325424e-05 -1.164995964338646565e-06
-1.416422287390029281e-05 -1.163352105294827351e-06
-1.410557184750733138e-05 -1.161321582339493711e-06
-1.404692082111436826e-05 -1.158901803954502486e-06
-1.398826979472140683e-05 -1.156090356712990611e-06
-1.392961876832844540e-05 -1.152885010651174207e-06
-1.387096774193548397e-05 -1.149283724408941989e-06
-1.381231671554252084e-05 -1.145284650130479366e-06
-1.375366568914955941e-05 -1.140886138116641374e-06
-1.369501466275659798e-05 -1.136086741221378083e-06
-1.363636363636363656e-05 -1.130885218985066073e-06
-1.357771260997067343e-05 -1.125280541498188866e-06
-1.351906158357771200e-05 -1.119271892989387552e-06
-1.346041055718475057e-05 -1.112858675132539148e-06
-1.340175953079178914e-05 -1.106040510068093052e-06
-1.334310850439882771e-05 -1.098817243134575053e-06
-1.328445747800586459e-05 -1.091188945306737792e-06
-1.322580645161290316e-05 -1.083155915337527936e-06
-1.316715542521994173e-05 -1.074718681601643649e-06
-1.310850439882698030e-05 -1.065878003639110256e-06
-1.304985337243401379e-05 -1.056634873397939838e-06
-1.299120234604105236e-05 -1.046990516175576377e-06
-1.293255131964809093e-05 -1.036946391259463571e-06
-1.287390029325512950e-05 -1.026504192267700104e-06
-1.281524926686216638e-05 -1.015665847191361430e-06
-1.275659824046920495e-05 -1.004433518140684448e-06
-1.269794721407624352e-05 -9.928096007979123808e-07
-1.263929618768328209e-05 -9.807967235801680891e-07
-1.258064516129031896e-05 -9.683977465163180308e-07
-1.252199413489735754e-05 -9.556157598423313831e-07
-1.246334310850439611e-05 -9.424540823201686697e-07
-1.240469208211143468e-05 -9.289162592857807814e-07
-1.234604105571847325e-05 -9.150060604322651465e-07
-1.228739002932551012e-05 -9.007274773347259796e-07
-1.222873900293254869e-05 -8.860847207238239846e-07
-1.217008797653958726e-05 -8.710822175154355203e-07
-1.211143695014662583e-05 -8.557246076042444244e-07
-1.205278592375366271e-05 -8.400167404294585755e-07
-1.199413489736070128e-05 -8.239636713211990261e-07
-1.193548387096773985e-05 -8.075706576364279181e-07
-1.187683284457477842e-05 -7.908431546935568894e-07
-1.181818181818181530e-05 -7.737868115151642953e-07
-1.175953079178885387e-05 -7.564074663884532813e-07
-1.170087976539589244e-05 -7.387111422532962978e-07
-1.164222873900293101e-05 -7.207040419278639077e-07
-1.158357771260996958e-05 -7.023925431819912673e-07
-1.152492668621700646e-05 -6.837831936685153947e-07
-1.146627565982404503e-05 -6.648827057229084486e-07
-1.140762463343108360e-05 -6.456979510415473865e-07
-1.134897360703812217e-05 -6.262359552489984827e-07
-1.129032258064515904e-05 -6.065038923646408756e-07
-1.123167155425219761e-05 -5.865090791789250393e-07
-1.117302052785923619e-05 -5.662589695494505878e-07
-1.111436950146627476e-05 -5.457611486269709487e-07
-1.105571847507331163e-05 -5.250233270212400632e-07
-1.099706744868035020e-05 -5.040533349164978954e-07
-1.093841642228738877e-05 -4.828591161461501286e-07
-1.087976539589442734e-05 -4.614487222360024529e-07
-1.082111436950146422e-05 -4.398303064251460459e-07
-1.076246334310850279e-05 -4.180121176733227145e-07
-1.070381231671554136e-05 -3.960024946633098003e-07
-1.064516129032257993e-05 -3.738098598065412270e-07
-1.058651026392961850e-05 -3.514427132598500382e-07
-1.052785923753665538e-05 -3.289096269608756229e-07
-1.046920821114369395e-05 -3.062192386892916298e-07
-1.041055718475073252e-05 -2.833802461606502600e-07
-1.035190615835777109e-05 -2.604014011592275586e-07
-1.029325513196480797e-05 -2.372915037158627505e-07
-1.023460410557184654e-05 -2.140593963363565502e-07
-1.017595307917888511e-05 -1.907139582855860813e-07
-1.011730205278592368e-05 -1.672640999320585346e-07
-1.005865102639296055e-05 -1.437187571572008017e-07
-9.999999999999999124e-06 -1.200868858332496185e-07
-9.941348973607037694e-06 -9.637745637317508522e-08
-9.882697947214076265e-06 -7.259944835564963724e-08
-9.824046920821114835e-06 -4.876184522763896344e-08
-9.765395894428151712e-06 -2.487362908678508907e-08
-9.706744868035190282e-06 -9.437755453400538759e-10
-9.648093841642228853e-06 2.301875132300198799e-08
-9.589442815249267423e-06 4.700500395239241823e-08
-9.530791788856304299e-06 7.100605616965418645e-08
-9.472140762463342870e-06 9.501300799440506391e-08
-9.413489736070381440e-06 1.190169903545892632e-07
-9.354838709677416623e-06 1.430091697178573899e-07
-9.296187683284453499e-06 1.669807526395335708e-07
-9.237536656891492070e-06 1.909229902281978611e-07
-9.178885630498530640e-06 2.148271825301843058e-07
-9.120234604105569210e-06 2.386846828345181487e-07
-9.061583577712606087e-06 2.624869019000565196e-07
-9.002932551319644657e-06 2.862253121067699098e-07
-8.944281524926683228e-06 3.098914515332793442e-07
-8.885630498533721798e-06 3.334769279629064345e-07
-8.826979472140760369e-06 3.569734228205965975e-07
-8.768328445747797245e-06 3.803726950431806208e-07
-8.709677419354835815e-06 4.036665848854823243e-07
-8.651026392961874386e-06 4.268470176648191330e-07
-8.592375366568912956e-06 4.499060074464543949e-07
-8.533724340175949833e-06 4.728356606725186139e-07
-8.475073313782988403e-06 4.956281797368883929e-07
-8.416422287390026974e-06 5.182758665084109779e-07
-8.357771260997065544e-06 5.407711258047832042e-07
-8.299120234604102420e-06 5.631064688192385308e-07
-8.240469208211140991e-06 5.852745165020610143e-07
-8.181818181818179561e-06 6.072680028987562359e-07
-8.123167155425218132e-06 6.290797784465050084e-07
-8.064516129032256702e-06 6.507028132303056214e-07
-8.005865102639293579e-06 6.721302001999661170e-07
-7.947214076246332149e-06 6.933551583488322762e-07
-7.888563049853370720e-06 7.143710358548710256e-07
-7.829912023460409290e-06 7.351713131844089025e-07
-7.771260997067446166e-06 7.557496061585274847e-07
-7.712609970674484737e-06 7.760996689817770771e-07
-7.653958944281523307e-06 7.962153972325397110e-07
-7.595307917888561031e-06 8.160908308140135819e-07
-7.536656891495599601e-06 8.357201568644437676e-07
-7.478005865102637325e-06 8.550977126248510560e-07
-7.419354838709675895e-06 8.742179882621561244e-07
-7.360703812316713618e-06 8.930756296452146158e-07
-7.302052785923752189e-06 9.116654410709234347e-07
-7.243401759530790759e-06 9.299823879371882192e-07
-7.184750733137828483e-06 9.480215993591770868e-07
-7.126099706744867053e-06 9.657783707249454559e-07
-7.067448680351904777e-06 9.832481661861562269e-07
-7.008797653958943347e-06 1.000426621079303133e-06
-6.950146627565981071e-06 1.017309544272510493e-06
-6.891495601173019641e-06 1.033892920432688894e-06
-6.832844574780057364e-06 1.050172912207533992e-06
-6.774193548387095935e-06 1.066145862316588066e-06
-6.715542521994133658e-06 1.081808295545337685e-06
-6.656891495601172229e-06 1.097156920636101477e-06
-6.598240469208209952e-06 1.112188632069248301e-06
-6.539589442815248523e-06 1.126900511728142569e-06
-6.480938416422287093e-06 1.141289830441021829e-06
-6.422287390029324816e-06 1.155354049392957063e-06
-6.363636363636363387e-06 1.169090821400898373e-06
-6.304985337243401110e-06 1.182497992044807437e-06
-6.246334310850439681e-06 1.195573600647825609e-06
-6.187683284457477404e-06 1.208315881098457677e-06
-6.129032258064515975e-06 1.220723262507785362e-06
-6.070381231671553698e-06 1.232794369694829262e-06
-6.011730205278592269e-06 1.244528023493280241e-06
-5.953079178885629992e-06 1.255923240872983853e-06
-5.894428152492668562e-06 1.266979234869753502e-06
-5.835777126099706286e-06 1.277695414317325594e-06
-5.777126099706744856e-06 1.288071383375525552e-06
-5.718475073313782580e-06 1.298106940849017214e-06
-5.659824046920821150e-06 1.307802079291358180e-06
-5.601173020527859721e-06 1.317156983889442601e-06
-5.542521994134894056e-06 1.326172031123829843e-06
-5.483870967741931779e-06 1.334847787200896665e-06
-5.425219941348970350e-06 1.343185006253233353e-06
-5.366568914956008920e-06 1.351184628305193183e-06
-5.307917888563046644e-06 1.358847777001053290e-06
-5.249266862170085214e-06 1.366175757093820105e-06
-5.190615835777122937e-06 1.373170051693267807e-06
-5.131964809384161508e-06 1.379832319272464595e-06
-5.073313782991199231e-06 1.386164390432638128e-06
-5.014662756598237802e-06 1.392168264426917159e-06
-4.956011730205275525e-06 1.397846105444164006e-06
-4.897360703812314096e-06 1.403200238654792237e-06
-4.838709677419351819e-06 1.408233146021211698e-06
-4.780058651026390390e-06 1.412947461876213402e-06
-4.721407624633428113e-06 1.417345968273402603e-06
-4.662756598240466683e-06 1.421431590114460926e-06
-4.604105571847504407e-06 1.425207390058827335e-06
-4.545454545454542977e-06 1.428676563222074441e-06
-4.486803519061581548e-06 1.431842431670040826e-06
-4.428152492668619271e-06 1.434708438716500206e-06
-4.369501466275657842e-06 1.437278143032883305e-06
-4.310850439882695565e-06 1.439555212579285730e-06
-4.252199413489734135e-06 1.441543418366718508e-06
-4.193548387096771859e-06 1.443246628061224130e-06
-4.134897360703810429e-06 1.444668799441185279e-06
-4.076246334310848153e-06 1.445813973719786960e-06
-4.017595307917886723e-06 1.446686268745217265e-06
-3.958944281524924447e-06 1.447289872091811592e-06
-3.900293255131963017e-06 1.447629034055902047e-06
-3.841642228739000740e-06 1.447708060570672925e-06
-3.782991202346039311e-06 1.447531306054843019e-06
-3.724340175953077458e-06 1.447103166210438273e-06
-3.665689149560115605e-06 1.446428070785374880e-06
-3.607038123167153752e-06 1.445510476316926335e-06
-3.548387096774191899e-06 1.444354858872533119e-06
-3.489736070381230046e-06 1.442965706804661286e-06
-3.431085043988268193e-06 1.441347513536715602e-06
-3.372434017595306339e-06 1.439504770397171722e-06
-3.313782991202344910e-06 1.437441959519276352e-06
-3.255131964809383057e-06 1.435163546823739905e-06
-3.196480938416421204e-06 1.432673975101903778e-06
-3.137829912023459351e-06 1.429977657216850620e-06
-3.079178885630497498e-06 1.427078969439886772e-06
-3.020527859237535645e-06 1.423982244939655163e-06
-2.961876832844573792e-06 1.420691767441035764e-06
-2.903225806451611938e-06 1.417211765070701171e-06
-2.844574780058650085e-06 1.413546404405951002e-06
-2.785923753665688232e-06 1.409699784743088546e-06
-2.727272727272726379e-06 1.405675932601209254e-06
-2.668621700879764526e-06 1.401478796476842704e-06
-2.609970674486802673e-06 1.397112241864354319e-06
-2.551319648093841244e-06 1.392580046556489266e-06
-2.492668621700879391e-06 1.387885896238804380e-06
-2.434017595307917537e-06 1.383033380391116930e-06
-2.375366568914955684e-06 1.378025988508332864e-06
-2.316715542521993831e-06 1.372867106652335987e-06
-2.258064516129031978e-06 1.367560014345760380e-06
-2.199413489736070125e-06 1.362107881817666899e-06
-2.140762463343108272e-06 1.356513767610239297e-06
-2.082111436950146419e-06 1.350780616554714929e-06
-2.023460410557184566e-06 1.344911258123794502e-06
-1.964809384164222713e-06 1.338908405166788517e-06
-1.906158357771261072e-06 1.332774653032755856e-06
-1.847507331378295619e-06 1.326512479085811827e-06
-1.788856304985333766e-06 1.320124242615754757e-06
-1.730205278592371913e-06 1.313612185146018163e-06
-1.671554252199410059e-06 1.306978431139902679e-06
-1.612903225806448418e-06 1.300224989104859474e-06
-1.554252199413486565e-06 1.293353753093518187e-06
-1.495601173020524712e-06 1.286366504598963382e-06
-1.436950146627562859e-06 1.279264914840653062e-06
-1.378299120234601006e-06 1.272050547436191194e-06
-1.319648093841639153e-06 1.264724861453058246e-06
-1.260997067448677300e-06 1.257289214833243739e-06
-1.202346041055715658e-06 1.249744868182600606e-06
-1.143695014662753805e-06 1.242092988915632359e-06
-1.085043988269791952e-06 1.234334655745335009e-06
-1.026392961876830099e-06 1.226470863506617292e-06
-9.677419354838682462e-07 1.218502528300820281e-06
-9.090909090909064990e-07 1.210430492947766928e-06
-8.504398826979446460e-07 1.202255532730850903e-06
-7.917888563049827929e-07 1.193978361419674000e-06
-7.331378299120210457e-07 1.185599637553832263e-06
-6.744868035190591927e-07 1.177119970970589582e-06
-6.158357771260973396e-07 1.168539929558320511e-06
-5.571847507331354865e-07 1.159860046216832830e-06
-4.985337243401737393e-07 1.151080826004939036e-06
-4.398826979472118863e-07 1.142202753454954291e-06
-3.812316715542500862e-07 1.133226300033174590e-06
-3.225806451612882331e-07 1.124151931724811368e-06
-2.639296187683264330e-07 1.114980116721338333e-06
-2.052785923753646064e-07 1.105711333187748437e-06
-1.466275659824027798e-07 1.096346077086842427e-06
-8.797653958944095318e-08 1.086884870037313588e-06
-2.932551319647913320e-08 1.077328267182148281e-06
2.932551319648268677e-08 1.067676865043651418e-06
8.797653958944451337e-08 1.057931309341286338e-06
1.466275659824063267e-07 1.048092302748433438e-06
2.052785923753681533e-07 1.038160612564202634e-06
2.639296187683299799e-07 1.028137078276481912e-06
3.225806451612917800e-07 1.018022618992565834e-06
3.812316715542536331e-07 1.007818240713902028e-06
4.398826979472154332e-07 9.975250434317874104e-07
4.985337243401772334e-07 9.871442280211730392e-07
5.571847507331390864e-07 9.766771029101727459e-07
6.158357771261009395e-07 9.661250905033255187e-07
6.744868035190626867e-07 9.554897333372274530e-07
7.331378299120245397e-07 9.447726999477349000e-07
7.917888563049863928e-07 9.339757904286361831e-07
8.504398826979482459e-07 9.231009416623878376e-07
9.090909090909099931e-07 9.121502322043318951e-07
9.677419354838718461e-07 9.011258868026230383e-07
1.026392961876833699e-06 8.900302805370226932e-07
1.085043988269795552e-06 8.788659425606426154e-07
1.143695014662757405e-06 8.676355594297322028e-07
1.202346041055719047e-06 8.563419780076483690e-07
1.260997067448680900e-06 8.449882079302216997e-07
1.319648093841642753e-06 8.335774236208864789e-07
1.378299120234604606e-06 8.221129658450749808e-07
1.436950146627566459e-06 8.105983427946011182e-07
1.495601173020528312e-06 7.990372306939810261e-07
1.554252199413490165e-06 7.874334739218824458e-07
1.612903225806451806e-06 7.757910846421973009e-07
1.671554252199413659e-06 7.641142419405086542e-07
1.730205278592375512e-06 7.524072904630592161e-07
1.788856304985337366e-06 7.406747385566379807e-07
1.847507331378299219e-06 7.289212559091635994e-07
1.906158357771261072e-06 7.171516706920529261e-07
1.964809384164226525e-06 7.053709662068401313e-07
2.023460410557184566e-06 6.935842770398282810e-07
2.082111436950149807e-06 6.817968847299077756e-07
2.140762463343108272e-06 6.700142129559781478e-07
2.199413489736073513e-06 6.582418222517525801e-07
2.258064516129031978e-06 6.464854042569806556e-07
2.316715542521997219e-06 6.347507755154351077e-07
2.375366568914955684e-06 6.230438708312175802e-07
2.434017595307920926e-06 6.113707361961904306e-07
2.492668621700879391e-06 5.997375213025095614e-07
2.551319648093844632e-06 5.881504716553926399e-07
2.609970674486802673e-06 5.766159203023714466e-07
2.668621700879768338e-06 5.651402791963469982e-07
2.727272727272726379e-06 5.537300302108030737e-07
2.785923753665692044e-06 5.423917158265097648e-07
2.844574780058650085e-06 5.311319295099778661e-07
2.903225806451615327e-06 5.199573058048186481e-07
2.961876832844573792e-06 5.088745101579729995e-07
3.020527859237539033e-06 4.978902285035571167e-07
3.079178885630497498e-06 4.870111566277695511e-07
3.137829912023462739e-06 4.762439893389644794e-07
3.196480938416421204e-06 4.655954094675706663e-07
3.255131964809386445e-06 4.550720767210758372e-07
3.313782991202344910e-06 4.446806164197274239e-07
3.372434017595310151e-06 4.344276081390154293e-07
3.431085043988268193e-06 4.243195742853156040e-07
3.489736070381233857e-06 4.143629686313181459e-07
3.548387096774191899e-06 4.045641648380658675e-07
3.607038123167157563e-06 3.949294449905348321e-07
3.665689149560115605e-06 3.854649881737324401e-07
3.724340175953080846e-06 3.761768591162779422e-07
3.782991202346039311e-06 3.670709969283133592e-07
3.841642228739004976e-06 3.581532039604656800e-07
3.900293255131969793e-06 3.494291348103127006e-07
3.958944281524928682e-06 3.409042855025388455e-07
4.017595307917893499e-06 3.325839828685774649e-07
4.076246334310851541e-06 3.244733741511229101e-07
4.134897360703817206e-06 3.165774168583918080e-07
4.193548387096775247e-06 3.089008688924567223e-07
4.252199413489740912e-06 3.014482789753532934e-07
4.310850439882698953e-06 2.942239773959905207e-07
4.369501466275664618e-06 2.872320671001486681e-07
4.428152492668622659e-06 2.804764151450623857e-07
4.486803519061588324e-06 2.739606445392401328e-07
4.545454545454546365e-06 2.676881264872749878e-07
4.604105571847512030e-06 2.616619730584607702e-07
4.662756598240470072e-06 2.558850302970296997e-07
4.721407624633435736e-06 2.503598717908007941e-07
4.780058651026393778e-06 2.450887927139642218e-07
4.838709677419359442e-06 2.400738043585863557e-07
4.897360703812317484e-06 2.353166291683260860e-07
4.956011730205283149e-06 2.308186962866152561e-07
5.014662756598241190e-06 2.265811376304182766e-07
5.073313782991206855e-06 2.226047844994029605e-07
5.131964809384164896e-06 2.188901647291457431e-07
5.190615835777129714e-06 2.154375003956966155e-07
5.249266862170088602e-06 2.122467060775840624e-07
5.307917888563053420e-06 2.093173876799990246e-07
5.366568914956012308e-06 2.066488418246513907e-07
5.425219941348977126e-06 2.042400558074380171e-07
5.483870967741936014e-06 2.020897081247935805e-07
5.542521994134900832e-06 2.001961695682635839e-07
5.601173020527859721e-06 1.985575048855626473e-07
5.659824046920824538e-06 1.971714750050747217e-07
5.718475073313782580e-06 1.960355398194897300e-07
5.777126099706748244e-06 1.951468615229948212e-07
5.835777126099706286e-06 1.945023084952127130e-07
5.894428152492671951e-06 1.940984597238366566e-07
5.953079178885629992e-06 1.939316097567433943e-07
6.011730205278595657e-06 1.939977741731586958e-07
6.070381231671553698e-06 1.942926955623595039e-07
6.129032258064519363e-06 1.948118499972327660e-07
6.187683284457477404e-06 1.955504539890020248e-07
6.246334310850443069e-06 1.965034719083472377e-07
6.304985337243401110e-06 1.976656238571960458e-07
6.363636363636366775e-06 1.990313939744776570e-07
6.422287390029324816e-06 2.005950391582596489e-07
6.480938416422290481e-06 2.023505981858085958e-07
6.539589442815248523e-06 2.042919012123246094e-07
6.598240469208214187e-06 2.064125796283174382e-07
6.656891495601172229e-06 2.087060762549280392e-07
6.715542521994137893e-06 2.111656558557961836e-07
6.774193548387095935e-06 2.137844159435253793e-07
6.832844574780060753e-06 2.165552978582174495e-07
6.891495601173019641e-06 2.194710980950897237e-07
6.950146627565984459e-06 2.225244798577483956e-07
7.008797653958943347e-06 2.257079848133237558e-07
7.067448680351908165e-06 2.290140450253669357e-07
7.126099706744867053e-06 2.324349950401477056e-07
7.184750733137831871e-06 2.359630841018138304e-07
7.243401759530790759e-06 2.395904884717232495e-07
7.302052785923755577e-06 2.433093238271949646e-07
7.360703812316713618e-06 2.471116577149127177e-07
7.419354838709679283e-06 2.509895220342393607e-07
7.478005865102637325e-06 2.549349255258225345e-07
7.536656891495602989e-06 2.589398662410048600e-07
7.595307917888568654e-06 2.629963439677872693e-07
7.653958944281526695e-06 2.670963725893342617e-07
7.712609970674491513e-06 2.712319923513553551e-07
7.771260997067449555e-06 2.753952820150441283e-07
7.829912023460416066e-06 2.795783708727017341e-07
7.888563049853374108e-06 2.837734506036229161e-07
7.947214076246338925e-06 2.879727869483571974e-07
8.005865102639296967e-06 2.921687311800093285e-07
8.064516129032263479e-06 2.963537313518648034e-07
8.123167155425221520e-06 3.005203433012594112e-07
8.181818181818186338e-06 3.046612413903196956e-07
8.240469208211144379e-06 3.087692289649089475e-07
8.299120234604110891e-06 3.128372485138948994e-07
8.357771260997068932e-06 3.168583915116305911e-07
8.416422287390033750e-06 3.208259079273794458e-07
8.475073313782991791e-06 3.247332153862627330e-07
8.533724340175958303e-06 3.285739079671889861e-07
8.592375366568916344e-06 3.323417646241184559e-07
8.651026392961881162e-06 3.360307572179544600e-07
8.709677419354839204e-06 3.396350581472736273e-07
8.768328445747804021e-06 3.431490475670777415e-07
8.826979472140763757e-06 3.465673201857121111e-07
8.885630498533728574e-06 3.498846916310663630e-07
8.944281524926686616e-06 3.530962043781761231e-07
9.002932551319651434e-06 3.561971332313148008e-07
9.061583577712611169e-06 3.591829903546682173e-07
9.120234604105575987e-06 3.620495298466776449e-07
9.178885630498534028e-06 3.647927518541154128e-07
9.237536656891498846e-06 3.674089062229568407e-07
9.296187683284456887e-06 3.698944956840696703e-07
9.354838709677423399e-06 3.722462785727292280e-07
9.413489736070381440e-06 3.744612710818954707e-07
9.472140762463346258e-06 3.765367490501576066e-07
9.530791788856304299e-06 3.784702492861407827e-07
9.589442815249270811e-06 3.802595704321022315e-07
9.648093841642228853e-06 3.819027733703013630e-07
9.706744868035193670e-06 3.833981811766102055e-07
9.765395894428151712e-06 3.847443786266418983e-07
9.824046920821118223e-06 3.859402112605047692e-07
9.882697947214076265e-06 3.869847840130496854e-07
9.941348973607041083e-06 3.878774594172465740e-07
9.999999999999999124e-06 3.886178553890296823e-07
1.005865102639296564e-05 3.892058426026498936e-07
1.011730205278592368e-05 3.896415414662163758e-07
1.017595307917888849e-05 3.899253187077377517e-07
1.023460410557184654e-05 3.900577835825473245e-07
1.029325513196481305e-05 3.900397837135525432e-07
1.035190615835777109e-05 3.898724005762490678e-07
1.041055718475073591e-05 3.895569446409196896e-07
1.046920821114369395e-05 3.890949501848725723e-07
1.052785923753665877e-05 3.884881697879591575e-07
1.058651026392961850e-05 3.877385685249797942e-07
1.064516129032258332e-05 3.868483178689012561e-07
1.070381231671554136e-05 3.858197893190780776e-07
1.076246334310850618e-05 3.846555477689298371e-07
1.082111436950146422e-05 3.833583446277058767e-07
1.087976539589443073e-05 3.819311107111566162e-07
1.093841642228738877e-05 3.803769489160316840e-07
1.099706744868035359e-05 3.786991266934391682e-07
1.105571847507331163e-05 3.769010683361294639e-07
1.111436950146627814e-05 3.749863470948073208e-07
1.117302052785923619e-05 3.729586771385365706e-07
1.123167155425220100e-05 3.708219053742675524e-07
1.129032258064516751e-05 3.685800031404255093e-07
1.134897360703812556e-05 3.662370577893808085e-07
1.140762463343109037e-05 3.637972641734858901e-07
1.146627565982404842e-05 3.612649160491733189e-07
1.152492668621701323e-05 3.586443974134254552e-07
1.158357771260997297e-05 3.559401737866822089e-07
1.164222873900293779e-05 3.531567834560049492e-07
1.170087976539589583e-05 3.502988286920453372e-07
1.175953079178886065e-05 3.473709669530530734e-07
1.181818181818182038e-05 3.443779020888547921e-07
1.187683284457478520e-05 3.413243755573889491e-07
1.193548387096774324e-05 3.382151576660330461e-07
1.199413489736070806e-05 3.350550388495830297e-07
1.205278592375366610e-05 3.318488209963751837e-07
1.211143695014663261e-05 3.286013088336341014e-07
1.217008797653959065e-05 3.253173013827324797e-07
1.222873900293255547e-05 3.220015834946371945e-07
1.228739002932551351e-05 3.186589174753918003e-07
1.234604105571848002e-05 3.152940348110690219e-07
1.240469208211143806e-05 3.119116280011896789e-07
1.246334310850440288e-05 3.085163425091864226e-07
1.252199413489736092e-05 3.051127688380517967e-07
1.258064516129032744e-05 3.017054347388897893e-07
1.263929618768328548e-05 2.982987975596539329e-07
1.269794721407625029e-05 2.948972367409548880e-07
1.275659824046920834e-05 2.915050464653745888e-07
1.281524926686217485e-05 2.881264284663482690e-07
1.287390029325513289e-05 2.847654850022482454e-07
1.293255131964809771e-05 2.814262120009318649e-07
1.299120234604105575e-05 2.781124923796266480e-07
1.304985337243402057e-05 2.748280895446535501e-07
1.310850439882698030e-05 2.715766410751391200e-07
1.316715542521994512e-05 2.683616525945280444e-07
1.322580645161290316e-05 2.651864918333646255e-07
1.328445747800586798e-05 2.620543828865056433e-07
1.334310850439882771e-05 2.589684006676357250e-07
1.340175953079179253e-05 2.559314655636503554e-07
1.346041055718475057e-05 2.529463382912340702e-07
1.351906158357771539e-05 2.500156149576843382e-07
1.357771260997067343e-05 2.471417223278151719e-07
1.363636363636363994e-05 2.443269132985526343e-07
1.369501466275659798e-05 2.415732625826246110e-07
1.375366568914956280e-05 2.388826626025942211e-07
1.381231671554252084e-05 2.362568195962804116e-07
1.387096774193548736e-05 2.336972499344905894e-07
1.392961876832844540e-05 2.312052766518505960e-07
1.398826979472141021e-05 2.287820261913893230e-07
1.404692082111436826e-05 2.264284253634505359e-07
1.410557184750733477e-05 2.241451985194080181e-07
1.416422287390029281e-05 2.219328649405936018e-07
1.422287390029325763e-05 2.197917364427830939e-07
1.428152492668621567e-05 2.177219151965529681e-07
1.434017595307918218e-05 2.157232917637774193e-07
1.439882697947214022e-05 2.137955433505173221e-07
1.445747800586510504e-05 2.119381322765427088e-07
1.451612903225806308e-05 2.101503046617341173e-07
1.457478005865102959e-05 2.084310893296043432e-07
1.463343108504398763e-05 2.067792969282122044e-07
1.469208211143695245e-05 2.051935192687451111e-07
1.475073313782991049e-05 2.036721288820875249e-07
1.480938416422287531e-05 2.022132787937231171e-07
1.486803519061583505e-05 2.008149025173327349e-07
1.492668621700879986e-05 1.994747142675228090e-07
1.498533724340175791e-05 1.981902093921124032e-07
1.504398826979472272e-05 1.969586650244893763e-07
1.510263929618768923e-05 1.957771409565367033e-07
1.516129032258064728e-05 1.946424807326970495e-07
1.521994134897361209e-05 1.935513129657545715e-07
1.527859237536657183e-05 1.925000528749444166e-07
1.533724340175953495e-05 1.914849040470115127e-07
1.539589442815249469e-05 1.905018604208591088e-07
1.545454545454546120e-05 1.895467084964251748e-07
1.551319648093841755e-05 1.886150297684228878e-07
1.557184750733138406e-05 1.877022033855642268e-07
1.563049853372434041e-05 1.868034090358595202e-07
1.568914956011730692e-05 1.859136300585473814e-07
1.574780058651026665e-05 1.850276567831655815e-07
1.580645161290322978e-05 1.841400900962038204e-07
1.586510263929618951e-05 1.832453452357073041e-07
1.592375366568915264e-05 1.823376558141079234e-07
1.598240469208211237e-05 1.814110780694637963e-07
1.604105571847507888e-05 1.804594953451521191e-07
1.609970674486803523e-05 1.794766227979457915e-07
1.615835777126100174e-05 1.784560123342388938e-07
1.621700879765396148e-05 1.773910577740278641e-07
1.627565982404692460e-05 1.762750002420751691e-07
1.633431085043988434e-05 1.751009337854804088e-07
1.639296187683284746e-05 1.738618112166775673e-07
1.645161290322580720e-05 1.725504501806433131e-07
1.651026392961877371e-05 1.711595394448600105e-07
1.656891495601173006e-05 1.696816454103259799e-07
1.662756598240469657e-05 1.681092188416197814e-07
1.668621700879765291e-05 1.664346018137471759e-07
1.674486803519061943e-05 1.646500348732053385e-07
1.680351906158357916e-05 1.627476644103642172e-07
1.686217008797654229e-05 1.607195502399666389e-07
1.692082111436950202e-05 1.585576733861912135e-07
1.697947214076246853e-05 1.562539440683816575e-07
1.703812316715542488e-05 1.538002098831935559e-07
1.709677419354839139e-05 1.511882641785343439e-07
1.715542521994134774e-05 1.484098546143041764e-07
1.721407624633431425e-05 1.454566919045573577e-07
1.727272727272727399e-05 1.423204587353362083e-07
1.733137829912023711e-05 1.389928188519995324e-07
1.739002932551319685e-05 1.354654263095264184e-07
1.744868035190615997e-05 1.317299348788228361e-07
1.750733137829911970e-05 1.277780076017046970e-07
1.756598240469208622e-05 1.236013264868050160e-07
1.762463343108504256e-05 1.191916023382741864e-07
1.768328445747800908e-05 1.145405847087333974e-07
1.774193548387096881e-05 1.096400719675634995e-07
1.780058651026393193e-05 1.044819214752199075e-07
1.785923753665689167e-05 9.905805985389195698e-08
1.791788856304985479e-05 9.336049334444987731e-08
1.797653958944281453e-05 8.738131823926280830e-08
1.803519061583578104e-05 8.111273138012657239e-08
1.809384164222873739e-05 7.454704071019576586e-08
1.815249266862170390e-05 6.767667586849084953e-08
1.821114369501466025e-05 6.049419881523804606e-08
1.826979472140762676e-05 5.299231447601029810e-08
1.832844574780058649e-05 4.516388139234940507e-08
1.838709677419354962e-05 3.700192236629099158e-08
1.844574780058650935e-05 2.849963508597473739e-08
1.850439882697947587e-05 1.965040271928556205e-08
1.856304985337243221e-05 1.044780446228691602e-08
1.862170087976539872e-05 8.856260290035401500e-10
1.868035190615835507e-05 -9.042129931032201028e-09
1.873900293255132158e-05 -1.934123350120511705e-08
1.879765395894428132e-05 -3.001721726605103346e-08
1.885630498533724444e-05 -4.107536619324126254e-08
1.891495601173021095e-05 -5.252070764331531644e-08
1.897360703812316730e-05 -6.435800152119324589e-08
1.903225806451613381e-05 -7.659173058353362527e-08
1.909090909090909355e-05 -8.922609091597138714e-08
1.914956011730205667e-05 -1.022649825942408052e-07
1.920821114369501641e-05 -1.157120005431303214e-07
1.926686217008798292e-05 -1.295704256071091127e-07
1.932551319648093927e-05 -1.438432158463704471e-07
1.938416422287390578e-05 -1.585329980718738692e-07
1.944281524926686213e-05 -1.736420596328082196e-07
1.950146627565982864e-05 -1.891723404697009557e-07
1.956011730205278837e-05 -2.051254254461784285e-07
1.961876832844575150e-05 -2.215025369721225141e-07
1.967741935483871123e-05 -2.383045279307221518e-07
1.973607038123167774e-05 -2.555318749215870743e-07
1.979472140762463409e-05 -2.731846718318008250e-07
1.985337243401760060e-05 -2.912626237464231823e-07
1.991202346041055695e-05 -3.097650412095945553e-07
1.997067448680352346e-05 -3.286908348470040108e-07
2.002932551319648320e-05 -3.480385103600632568e-07
2.008797653958944632e-05 -3.678061639017035908e-07
2.014662756598240606e-05 -3.879914778432619365e-07
2.020527859237536918e-05 -4.085917169414364755e-07
2.026392961876832892e-05 -4.296037249138243453e-07
2.032258064516129543e-05 -4.510239214310286572e-07
2.038123167155425178e-05 -4.728482995328058784e-07
2.043988269794721829e-05 -4.950724234751970774e-07
2.049853372434017802e-05 -5.176914270150140432e-07
2.055718475073314115e-05 -5.407000121375113602e-07
2.061583577712610088e-05 -5.640924482324818013e-07
2.067448680351906401e-05 -5.878625717234344093e-07
2.073313782991202374e-05 -6.120037861539220828e-07
2.079178885630499025e-05 -6.365090627344720215e-07
2.085043988269794660e-05 -6.613709413529797763e-07
2.090909090909091311e-05 -6.865815320507884625e-07
2.096774193548386946e-05 -7.121325169660786960e-07
2.102639296187683597e-05 -7.380151527455557302e-07
2.108504398826979571e-05 -7.642202734247989686e-07
2.114369501466275883e-05 -7.907382937770141338e-07
2.120234604105571857e-05 -8.175592131293040004e-07
2.126099706744868508e-05 -8.446726196449420334e-07
2.131964809384164142e-05 -8.720676950695225612e-07
2.137829912023460794e-05 -8.997332199382272152e-07
2.143695014662756428e-05 -9.276575792408526430e-07
2.149560117302053080e-05 -9.558287685406225713e-07
2.155425219941349053e-05 -9.842344005422102402e-07
2.161290322580645365e-05 -1.012861712103812247e-06
2.167155425219941339e-05 -1.041697571687518320e-06
2.173020527859237651e-05 -1.070728487241656459e-06
2.178885630498533625e-05 -1.099940614508237971e-06
2.184750733137830276e-05 -1.129319765748048199e-06
2.190615835777125911e-05 -1.158851418875426325e-06
2.196480938416422562e-05 -1.188520726994221801e-06
2.202346041055718536e-05 -1.218312528325931469e-06
2.208211143695014848e-05 -1.248211356520489756e-06
2.214076246334310821e-05 -1.278201451339751023e-06
2.219941348973607134e-05 -1.308266769703196463e-06
2.225806451612903107e-05 -1.338390997084972253e-06
2.231671554252199758e-05 -1.368557559250938599e-06
2.237536656891495393e-05 -1.398749634323980041e-06
2.243401759530792044e-05 -1.428950165165459373e-06
2.249266862170087679e-05 -1.459141872060296242e-06
2.255131964809384330e-05 -1.489307265692819023e-06
2.260997067448680981e-05 -1.519428660400194272e-06
2.266862170087976616e-05 -1.549488187689916992e-06
2.272727272727273267e-05 -1.579467810007558278e-06
2.278592375366569241e-05 -1.609349334740695386e-06
2.284457478005865553e-05 -1.639114428444687361e-06
2.290322580645161527e-05 -1.668744631275719828e-06
2.296187683284457839e-05 -1.698221371616359637e-06
2.302052785923753813e-05 -1.727525980878629169e-06
2.307917888563050464e-05 -1.756639708469474243e-06
2.313782991202346099e-05 -1.785543736903326902e-06
2.319648093841642750e-05 -1.814219197046355785e-06
2.325513196480938723e-05 -1.842647183476866736e-06
2.331378299120235036e-05 -1.870808769946255964e-06
2.337243401759531009e-05 -1.898685024924826589e-06
2.343108504398827322e-05 -1.926257027216759285e-06
2.348973607038123295e-05 -1.953505881628472256e-06
2.354838709677419946e-05 -1.980412734674643480e-06
2.360703812316715581e-05 -2.006958790306124719e-06
2.366568914956012232e-05 -2.033125325644073189e-06
2.372434017595307867e-05 -2.058893706704626941e-06
2.378299120234604518e-05 -2.084245404098566520e-06
2.384164222873900492e-05 -2.109162008690444401e-06
2.390029325513196804e-05 -2.133625247201829732e-06
2.395894428152492778e-05 -2.157616997743399769e-06
2.401759530791789429e-05 -2.181119305260753381e-06
2.407624633431085064e-05 -2.204114396879020637e-06
2.413489736070381715e-05 -2.226584697131455982e-06
2.419354838709677349e-05 -2.248512843057458319e-06
2.425219941348974001e-05 -2.269881699155613362e-06
2.431085043988269974e-05 -2.290674372177612791e-06
2.436950146627566287e-05 -2.310874225749108493e-06
2.442815249266862260e-05 -2.330464894803844739e-06
2.448680351906158572e-05 -2.349430299817629272e-06
2.454545454545454546e-05 -2.367754660829009647e-06
2.460410557184751197e-05 -2.385422511233813371e-06
2.466275659824046832e-05 -2.402418711340951803e-06
2.472140762463343483e-05 -2.418728461677264710e-06
2.478005865102639457e-05 -2.434337316029463171e-06
2.483870967741935769e-05 -2.449231194211546120e-06
2.489736070381231743e-05 -2.463396394546419940e-06
2.495601173020528055e-05 -2.476819606050793938e-06
2.501466275659824028e-05 -2.489487920312759145e-06
2.507331378299120680e-05 -2.501388843051833512e-06
2.513196480938416314e-05 -2.512510305351590762e-06
2.519061583577712966e-05 -2.522840674555417464e-06
2.524926686217008600e-05 -2.532368764816236391e-06
2.530791788856305251e-05 -2.541083847291490367e-06
2.536656891495601225e-05 -2.548975659975008165e-06
2.542521994134897537e-05 -2.556034417157797137e-06
2.548387096774193511e-05 -2.562250818510162134e-06
2.554252199413490162e-05 -2.567616057777975095e-06
2.560117302052785797e-05 -2.572121831086288521e-06
2.565982404692082448e-05 -2.575760344843886334e-06
2.571847507331378083e-05 -2.578524323242756885e-06
2.577712609970674734e-05 -2.580407015346882896e-06
2.583577712609970707e-05 -2.581402201765103484e-06
2.589442815249267020e-05 -2.581504200903230794e-06
2.595307917888562993e-05 -2.580707874790981067e-06
2.601173020527859306e-05 -2.579008634479645937e-06
2.607038123167155279e-05 -2.576402445006872286e-06
2.612903225806451930e-05 -2.572885829925236657e-06
2.618768328445747565e-05 -2.568455875391737257e-06
2.624633431085044216e-05 -2.563110233815668831e-06
2.630498533724340868e-05 -2.556847127062735690e-06
2.636363636363636502e-05 -2.549665349213626265e-06
2.642228739002933153e-05 -2.541564268875629970e-06
2.648093841642228788e-05 -2.532543831046251988e-06
2.653958944281525439e-05 -2.522604558528127597e-06
2.659824046920821413e-05 -2.511747552894884951e-06
2.665689149560117725e-05 -2.499974495007974086e-06
2.671554252199413699e-05 -2.487287645084782347e-06
2.677419354838710350e-05 -2.473689842318733760e-06
2.683284457478005985e-05 -2.459184504052366761e-06
2.689149560117302636e-05 -2.443775624504719713e-06
2.695014662756598271e-05 -2.427467773054692427e-06
2.700879765395894922e-05 -2.410266092082309428e-06
2.706744868035190895e-05 -2.392176294370188894e-06
2.712609970674487208e-05 -2.373204660067763442e-06
2.718475073313783181e-05 -2.353358033221119972e-06
2.724340175953079494e-05 -2.332643817871625210e-06
2.730205278592375467e-05 -2.311069973726749626e-06
2.736070381231672118e-05 -2.288645011406827705e-06
2.741935483870967753e-05 -2.265377987271730952e-06
2.747800586510264404e-05 -2.241278497831718026e-06
2.753665689149560378e-05 -2.216356673746969905e-06
2.759530791788856690e-05 -2.190623173420604302e-06
2.765395894428152664e-05 -2.164089176190186293e-06
2.771260997067448976e-05 -2.136766375123019804e-06
2.777126099706744950e-05 -2.108666969420750658e-06
2.782991202346041601e-05 -2.079803656439037190e-06
2.788856304985337236e-05 -2.050189623328298138e-06
2.794721407624633887e-05 -2.019838538301770685e-06
2.800586510263929521e-05 -1.988764541537339421e-06
2.806451612903226173e-05 -1.956982235719839197e-06
2.812316715542522146e-05 -1.924506676230737312e-06
2.818181818181818459e-05 -1.891353360992333420e-06
2.824046920821114432e-05 -1.857538219973842932e-06
2.829912023460411083e-05 -1.823077604366916072e-06
2.835777126099706718e-05 -1.787988275438399902e-06
2.841642228739003369e-05 -1.752287393068328714e-06
2.847507331378299004e-05 -1.715992503981347361e-06
2.853372434017595655e-05 -1.679121529680005678e-06
2.859237536656891629e-05 -1.641692754088525176e-06
2.865102639296187941e-05 -1.603724810915888038e-06
2.870967741935483915e-05 -1.565236670747275861e-06
2.876832844574780227e-05 -1.526247627873104588e-06
2.882697947214076200e-05 -1.486777286865095162e-06
2.888563049853372852e-05 -1.446845548909032277e-06
2.894428152492668486e-05 -1.406472597904052047e-06
2.900293255131965138e-05 -1.365678886338509272e-06
2.906158357771261111e-05 -1.324485120952669394e-06
2.912023460410557423e-05 -1.282912248198668606e-06
2.917888563049853397e-05 -1.240981439508382575e-06
2.923753665689149709e-05 -1.198714076380033489e-06
2.929618768328445683e-05 -1.156131735294568053e-06
2.935483870967742334e-05 -1.113256172473025802e-06
2.941348973607037969e-05 -1.070109308486295190e-06
2.947214076246334620e-05 -1.026713212728865834e-06
2.953079178885630255e-05 -9.830900877683434757e-07
2.958944281524926906e-05 -9.392622535826909329e-07
2.964809384164222879e-05 -8.952521316973308063e-07
2.970674486803519192e-05 -8.510822292344188108e-07
2.976539589442815165e-05 -8.067751228867653724e-07
2.982404692082111817e-05 -7.623534428290470357e-07
2.988269794721407451e-05 -7.178398565791142900e-07
2.994134897360704102e-05 -6.732570528223451478e-07
2.999999999999999737e-05 -6.286277252121425691e-07
