-2.999999999999999737e-05 -4.103370554718849844e-07
-2.994134897360703764e-05 -4.325976629499346770e-07
-2.988269794721407451e-05 -4.544005423844280735e-07
-2.982404692082111478e-05 -4.757403151728110546e-07
-2.976539589442815165e-05 -4.966120488663568548e-07
-2.970674486803518853e-05 -5.170112592560273116e-07
-2.964809384164222879e-05 -5.369339118794562869e-07
-2.958944281524926567e-05 -5.563764229445831915e-07
-2.953079178885630255e-05 -5.753356596665692871e-07
-2.947214076246334281e-05 -5.938089400157113637e-07
-2.941348973607037969e-05 -6.117940318751992930e-07
-2.935483870967741995e-05 -6.292891516086679063e-07
-2.929618768328445683e-05 -6.462929620386576806e-07
-2.923753665689149371e-05 -6.628045698382175410e-07
-2.917888563049853397e-05 -6.788235223390434171e-07
-2.912023460410557085e-05 -6.943498037606874613e-07
-2.906158357771261111e-05 -7.093838308665119919e-07
-2.900293255131964799e-05 -7.239264480532140812e-07
-2.894428152492668486e-05 -7.379789218818644755e-07
-2.888563049853372513e-05 -7.515429350595181705e-07
-2.882697947214076200e-05 -7.646205798815842248e-07
-2.876832844574779888e-05 -7.772143511461931386e-07
-2.870967741935483915e-05 -7.893271385528923742e-07
-2.865102639296187602e-05 -8.009622185990322807e-07
-2.859237536656891629e-05 -8.121232459882275833e-07
-2.853372434017595316e-05 -8.228142445662592966e-07
-2.847507331378299004e-05 -8.330395978007434115e-07
-2.841642228739003030e-05 -8.428040388218194628e-07
-2.835777126099706718e-05 -8.521126400419958599e-07
-2.829912023460410744e-05 -8.609708023741228694e-07
-2.824046920821114432e-05 -8.693842440672963537e-07
-2.818181818181817781e-05 -8.773589891812322825e-07
-2.812316715542522146e-05 -8.849013557203805919e-07
-2.806451612903225495e-05 -8.920179434497236390e-07
-2.800586510263929521e-05 -8.987156214148023977e-07
-2.794721407624633209e-05 -9.050015151891053008e-07
-2.788856304985337236e-05 -9.108829938724547012e-07
-2.782991202346040923e-05 -9.163676568644984621e-07
-2.777126099706744611e-05 -9.214633204378117627e-07
-2.771260997067448298e-05 -9.261780041354656201e-07
-2.765395894428152325e-05 -9.305199170182205922e-07
-2.759530791788856013e-05 -9.344974437867205476e-07
-2.753665689149559700e-05 -9.381191308042544014e-07
-2.747800586510263727e-05 -9.413936720457493284e-07
-2.741935483870967414e-05 -9.443298949987379498e-07
-2.736070381231671441e-05 -9.469367465420090602e-07
-2.730205278592375128e-05 -9.492232788276155690e-07
-2.724340175953078816e-05 -9.511986351917618196e-07
-2.718475073313782842e-05 -9.528720361199293923e-07
-2.712609970674486530e-05 -9.542527652913371771e-07
-2.706744868035190557e-05 -9.553501557275546302e-07
-2.700879765395894244e-05 -9.561735760696959025e-07
-2.695014662756597932e-05 -9.567324170082351166e-07
-2.689149560117301958e-05 -9.570360778889862863e-07
-2.683284457478005646e-05 -9.570939535182915150e-07
-2.677419354838709334e-05 -9.569154211898506110e-07
-2.671554252199413360e-05 -9.565098279550250302e-07
-2.665689149560117048e-05 -9.558864781577424171e-07
-2.659824046920821074e-05 -9.550546212544251918e-07
-2.653958944281524762e-05 -9.540234399385613126e-07
-2.648093841642228449e-05 -9.528020385887588272e-07
-2.642228739002932476e-05 -9.513994320582214054e-07
-2.636363636363636163e-05 -9.498245348227226257e-07
-2.630498533724340190e-05 -9.480861505031955114e-07
-2.624633431085043878e-05 -9.461929617780978312e-07
-2.618768328445747565e-05 -9.441535206997095169e-07
-2.612903225806451592e-05 -9.419762394274827423e-07
-2.607038123167155279e-05 -9.396693813905244087e-07
-2.601173020527858967e-05 -9.372410528901913387e-07
-2.595307917888562993e-05 -9.346991951526920521e-07
-2.589442815249266681e-05 -9.320515768404737731e-07
-2.583577712609970707e-05 -9.293057870300264363e-07
-2.577712609970674395e-05 -9.264692286626099617e-07
-2.571847507331378083e-05 -9.235491124732459794e-07
-2.565982404692082109e-05 -9.205524514021677674e-07
-2.560117302052785797e-05 -9.174860554917495586e-07
-2.554252199413489823e-05 -9.143565272707987009e-07
-2.548387096774193511e-05 -9.111702576269161413e-07
-2.542521994134897199e-05 -9.079334221664952612e-07
-2.536656891495601225e-05 -9.046519780607937445e-07
-2.530791788856304913e-05 -9.013316613753731608e-07
-2.524926686217008600e-05 -8.979779848791104992e-07
-2.519061583577712627e-05 -8.945962363278807180e-07
-2.513196480938416314e-05 -8.911914772169315294e-07
-2.507331378299120341e-05 -8.877685419949693851e-07
-2.501466275659824028e-05 -8.843320377318856034e-07
-2.495601173020527716e-05 -8.808863442311365717e-07
-2.489736070381231743e-05 -8.774356145767766817e-07
-2.483870967741935091e-05 -8.739837761042611077e-07
-2.478005865102639457e-05 -8.705345317832147046e-07
-2.472140762463342805e-05 -8.670913619995513189e-07
-2.466275659824046832e-05 -8.636575267234799219e-07
-2.460410557184750520e-05 -8.602360680492181294e-07
-2.454545454545454546e-05 -8.568298130914633986e-07
-2.448680351906157895e-05 -8.534413772230510023e-07
-2.442815249266862260e-05 -8.500731676375516292e-07
-2.436950146627565609e-05 -8.467273872200400054e-07
-2.431085043988269974e-05 -8.434060387086865604e-07
-2.425219941348973323e-05 -8.401109291294030812e-07
-2.419354838709677349e-05 -8.368436744853102877e-07
-2.413489736070381037e-05 -8.336057046824603667e-07
-2.407624633431085064e-05 -8.303982686729187487e-07
-2.401759530791788412e-05 -8.272224397960579470e-07
-2.395894428152492778e-05 -8.240791212987138376e-07
-2.390029325513196126e-05 -8.209690520147089663e-07
-2.384164222873900153e-05 -8.178928121841631838e-07
-2.378299120234603841e-05 -8.148508293929581292e-07
-2.372434017595307528e-05 -8.118433846127726870e-07
-2.366568914956011555e-05 -8.088706183221481577e-07
-2.360703812316715242e-05 -8.059325366892036625e-07
-2.354838709677419269e-05 -8.030290177967758281e-07
-2.348973607038122956e-05 -8.001598178910177908e-07
-2.343108504398826644e-05 -7.973245776347659367e-07
-2.337243401759530670e-05 -7.945228283473261627e-07
-2.331378299120234358e-05 -7.917539982127156782e-07
-2.325513196480938046e-05 -7.890174184388395755e-07
-2.319648093841642072e-05 -7.863123293505625145e-07
-2.313782991202345760e-05 -7.836378864001466252e-07
-2.307917888563049786e-05 -7.809931660791306690e-07
-2.302052785923753474e-05 -7.783771717163006321e-07
-2.296187683284457162e-05 -7.757888391470780707e-07
-2.290322580645161188e-05 -7.732270422403267650e-07
-2.284457478005864876e-05 -7.706905982693066874e-07
-2.278592375366568902e-05 -7.681782731142600553e-07
-2.272727272727272590e-05 -7.656887862848907566e-07
-2.266862170087976277e-05 -7.632208157518197400e-07
-2.260997067448680304e-05 -7.607730025769362556e-07
-2.255131964809383992e-05 -7.583439553334166259e-07
-2.249266862170087679e-05 -7.559322543070764861e-07
-2.243401759530791706e-05 -7.535364554716018603e-07
-2.237536656891495393e-05 -7.511550942311338529e-07
-2.231671554252199420e-05 -7.487866889245900632e-07
-2.225806451612903107e-05 -7.464297440870478476e-07
-2.219941348973606795e-05 -7.440827534644508335e-07
-2.214076246334310821e-05 -7.417442027788373381e-07
-2.208211143695014509e-05 -7.394125722422239350e-07
-2.202346041055718536e-05 -7.370863388182489631e-07
-2.196480938416422223e-05 -7.347639782315655999e-07
-2.190615835777125911e-05 -7.324439667259407992e-07
-2.184750733137829937e-05 -7.301247825729071566e-07
-2.178885630498533625e-05 -7.278049073337359093e-07
-2.173020527859237313e-05 -7.254828268783582799e-07
-2.167155425219941339e-05 -7.231570321657564120e-07
-2.161290322580645027e-05 -7.208260197911663481e-07
-2.155425219941349053e-05 -7.184882923062793532e-07
-2.149560117302052402e-05 -7.161423583194018667e-07
-2.143695014662756428e-05 -7.137867323833091878e-07
-2.137829912023460116e-05 -7.114199346792732803e-07
-2.131964809384164142e-05 -7.090404905064310786e-07
-2.126099706744867491e-05 -7.066469295863347566e-07
-2.120234604105571857e-05 -7.042377851931638754e-07
-2.114369501466275205e-05 -7.018115931206544607e-07
-2.108504398826979571e-05 -6.993668904973712777e-07
-2.102639296187682919e-05 -6.969022144624465689e-07
-2.096774193548386946e-05 -6.944161007143754460e-07
-2.090909090909090634e-05 -6.919070819458914917e-07
-2.085043988269794660e-05 -6.893736861783100326e-07
-2.079178885630498348e-05 -6.868144350090617583e-07
-2.073313782991202374e-05 -6.842278417864209998e-07
-2.067448680351905723e-05 -6.816124097256673969e-07
-2.061583577712610088e-05 -6.789666299810984090e-07
-2.055718475073313437e-05 -6.762889796884584583e-07
-2.049853372434017802e-05 -6.735779199924140250e-07
-2.043988269794721151e-05 -6.708318940737643610e-07
-2.038123167155425178e-05 -6.680493251910440359e-07
-2.032258064516128865e-05 -6.652286147511192079e-07
-2.026392961876832892e-05 -6.623681404232624140e-07
-2.020527859237536240e-05 -6.594662543110291008e-07
-2.014662756598240606e-05 -6.565212811960495806e-07
-2.008797653958943955e-05 -6.535315168675893216e-07
-2.002932551319648320e-05 -6.504952265514286148e-07
-1.997067448680351669e-05 -6.474106434512611452e-07
-1.991202346041055695e-05 -6.442759674154142636e-07
-1.985337243401759383e-05 -6.410893637412602877e-07
-1.979472140762463409e-05 -6.378489621292018570e-07
-1.973607038123166758e-05 -6.345528557976012769e-07
-1.967741935483870784e-05 -6.311991007694686630e-07
-1.961876832844574472e-05 -6.277857153411100205e-07
-1.956011730205278499e-05 -6.243106797423378598e-07
-1.950146627565982186e-05 -6.207719359971532292e-07
-1.944281524926685874e-05 -6.171673879931391007e-07
-1.938416422287389900e-05 -6.134949017670768092e-07
-1.932551319648093588e-05 -6.097523060135414805e-07
-1.926686217008797614e-05 -6.059373928224778863e-07
-1.920821114369501302e-05 -6.020479186509560291e-07
-1.914956011730204990e-05 -5.980816055334940848e-07
-1.909090909090909016e-05 -5.940361425345193723e-07
-1.903225806451612704e-05 -5.899091874456887606e-07
-1.897360703812316391e-05 -5.856983687299435260e-07
-1.891495601173020418e-05 -5.814012877133113941e-07
-1.885630498533724105e-05 -5.770155210246033620e-07
-1.879765395894428132e-05 -5.725386232822966506e-07
-1.873900293255131820e-05 -5.679681300270026849e-07
-1.868035190615835507e-05 -5.633015608970795871e-07
-1.862170087976539534e-05 -5.585364230440713544e-07
-1.856304985337243221e-05 -5.536702147838133092e-07
-1.850439882697947248e-05 -5.487004294781913959e-07
-1.844574780058650935e-05 -5.436245596417308096e-07
-1.838709677419354623e-05 -5.384401012663514079e-07
-1.832844574780058649e-05 -5.331445583568641775e-07
-1.826979472140762337e-05 -5.277354476689780329e-07
-1.821114369501466025e-05 -5.222103036408603132e-07
-1.815249266862170051e-05 -5.165666835085473691e-07
-1.809384164222873739e-05 -5.108021725948251670e-07
-1.803519061583577765e-05 -5.049143897605136394e-07
-1.797653958944281453e-05 -4.989009930064584173e-07
-1.791788856304985141e-05 -4.927596852139361128e-07
-1.785923753665689167e-05 -4.864882200106017413e-07
-1.780058651026392855e-05 -4.800844077485852130e-07
-1.774193548387096881e-05 -4.735461215808488330e-07
-1.768328445747800230e-05 -4.668713036214660214e-07
-1.762463343108504256e-05 -4.600579711750732431e-07
-1.756598240469207944e-05 -4.531042230203832328e-07
-1.750733137829911970e-05 -4.460082457323211756e-07
-1.744868035190615319e-05 -4.387683200270677299e-07
-1.739002932551319685e-05 -4.313828271140641302e-07
-1.733137829912023033e-05 -4.238502550388489532e-07
-1.727272727272727399e-05 -4.161692050004521320e-07
-1.721407624633430747e-05 -4.083383976269865171e-07
-1.715542521994134774e-05 -4.003566791930306988e-07
-1.709677419354838462e-05 -3.922230277624002438e-07
-1.703812316715542488e-05 -3.839365592399536811e-07
-1.697947214076245837e-05 -3.754965333161820640e-07
-1.692082111436950202e-05 -3.669023592884733399e-07
-1.686217008797653551e-05 -3.581536017431346161e-07
-1.680351906158357916e-05 -3.492499860824904570e-07
-1.674486803519061265e-05 -3.401914038816655683e-07
-1.668621700879765291e-05 -3.309779180599711845e-07
-1.662756598240468979e-05 -3.216097678522093586e-07
-1.656891495601173006e-05 -3.120873735655817763e-07
-1.651026392961876693e-05 -3.024113411083876727e-07
-1.645161290322580720e-05 -2.925824662771504396e-07
-1.639296187683284068e-05 -2.826017387893515992e-07
-1.633431085043988434e-05 -2.724703460495240991e-07
-1.627565982404691783e-05 -2.621896766370449397e-07
-1.621700879765396148e-05 -2.517613235046033685e-07
-1.615835777126099497e-05 -2.411870868769787072e-07
-1.609970674486803523e-05 -2.304689768404542173e-07
-1.604105571847507211e-05 -2.196092156139131520e-07
-1.598240469208211237e-05 -2.086102394933943690e-07
-1.592375366568914586e-05 -1.974747004626595437e-07
-1.586510263929618612e-05 -1.862054674630962772e-07
-1.580645161290322300e-05 -1.748056273170829794e-07
-1.574780058651026327e-05 -1.632784852997656751e-07
-1.568914956011730014e-05 -1.516275653550100071e-07
-1.563049853372433702e-05 -1.398566099521351419e-07
-1.557184750733137728e-05 -1.279695795808917891e-07
-1.551319648093841416e-05 -1.159706518829818771e-07
-1.545454545454545104e-05 -1.038642204192725343e-07
-1.539589442815249130e-05 -9.165489307273265930e-08
-1.533724340175952818e-05 -7.934749008793667732e-08
-1.527859237536656844e-05 -6.694704174886364221e-08
-1.521994134897360532e-05 -5.445878569753588619e-08
-1.516129032258064389e-05 -4.188816389688585218e-08
-1.510263929618768246e-05 -2.924081924205496632e-08
-1.504398826979471933e-05 -1.652259182514058046e-08
-1.498533724340175791e-05 -3.739514859190230487e-09
-1.492668621700879648e-05 9.102189731974271481e-09
-1.486803519061583505e-05 2.199611605077890833e-08
-1.480938416422287192e-05 3.493567928169780968e-08
-1.475073313782991049e-05 4.791412105706913297e-08
-1.469208211143694906e-05 6.092451512347710025e-08
-1.463343108504398763e-05 7.395977329858803981e-08
-1.457478005865102451e-05 8.701265170772395729e-08
-1.451612903225806308e-05 1.000757572888428615e-07
-1.445747800586510165e-05 1.131415545540428661e-07
-1.439882697947214022e-05 1.262023725951859449e-07
-1.434017595307917710e-05 1.392504123207121032e-07
-1.428152492668621567e-05 1.522777539103112180e-07
-1.422287390029325424e-05 1.652763644736344079e-07
-1.416422287390029281e-05 1.782381058988970076e-07
-1.410557184750733138e-05 1.911547428768444411e-07
-1.404692082111436826e-05 2.040179510852677646e-07
-1.398826979472140683e-05 2.168193255189722347e-07
-1.392961876832844540e-05 2.295503889498893413e-07
-1.387096774193548397e-05 2.422026005018231276e-07
-1.381231671554252084e-05 2.547673643241893845e-07
-1.375366568914955941e-05 2.672360383489856513e-07
-1.369501466275659798e-05 2.795999431151729697e-07
-1.363636363636363656e-05 2.918503706446271999e-07
-1.357771260997067343e-05 3.039785933538185043e-07
-1.351906158357771200e-05 3.159758729854485687e-07
-1.346041055718475057e-05 3.278334695443585105e-07
-1.340175953079178914e-05 3.395426502221375794e-07
-1.334310850439882771e-05 3.510946982950686897e-07
-1.328445747800586459e-05 3.624809219802039500e-07
-1.322580645161290316e-05 3.736926632346385339e-07
-1.316715542521994173e-05 3.847213064833122808e-07
-1.310850439882698030e-05 3.955582872609766839e-07
-1.304985337243401379e-05 4.061951007543064877e-07
-1.299120234604105236e-05 4.166233102305088172e-07
-1.293255131964809093e-05 4.268345553391795444e-07
-1.287390029325512950e-05 4.368205602745891653e-07
-1.281524926686216638e-05 4.465731417860356363e-07
-1.275659824046920495e-05 4.560842170243787093e-07
-1.269794721407624352e-05 4.653458112133800594e-07
-1.263929618768328209e-05 4.743500651349987678e-07
-1.258064516129031896e-05 4.830892424183325492e-07
-1.252199413489735754e-05 4.915557366224665463e-07
-1.246334310850439611e-05 4.997420781040671239e-07
-1.240469208211143468e-05 5.076409406611612880e-07
-1.234604105571847325e-05 5.152451479451458683e-07
-1.228739002932551012e-05 5.225476796336860227e-07
-1.222873900293254869e-05 5.295416773578081683e-07
-1.217008797653958726e-05 5.362204503771117847e-07
-1.211143695014662583e-05 5.425774809976803470e-07
-1.205278592375366271e-05 5.486064297279078782e-07
-1.199413489736070128e-05 5.543011401681149037e-07
-1.193548387096773985e-05 5.596556436304727161e-07
-1.187683284457477842e-05 5.646641634864010355e-07
-1.181818181818181530e-05 5.693211192392444042e-07
-1.175953079178885387e-05 5.736211303206860322e-07
-1.170087976539589244e-05 5.775590196099719105e-07
-1.164222873900293101e-05 5.811298166756475671e-07
-1.158357771260996958e-05 5.843287607401415124e-07
-1.152492668621700646e-05 5.871513033680920657e-07
-1.146627565982404503e-05 5.895931108799517507e-07
-1.140762463343108360e-05 5.916500664929387730e-07
-1.134897360703812217e-05 5.933182721919885938e-07
-1.129032258064515904e-05 5.945940503338883240e-07
-1.123167155425219761e-05 5.954739449883118863e-07
-1.117302052785923619e-05 5.959547230199634742e-07
-1.111436950146627476e-05 5.960333749165393403e-07
-1.105571847507331163e-05 5.957071153676603108e-07
-1.099706744868035020e-05 5.949733836003946643e-07
-1.093841642228738877e-05 5.938298434773717587e-07
-1.087976539589442734e-05 5.922743833639201485e-07
-1.082111436950146422e-05 5.903051157709939636e-07
-1.076246334310850279e-05 5.879203767810294140e-07
-1.070381231671554136e-05 5.851187252641533341e-07
-1.064516129032257993e-05 5.818989418924967650e-07
-1.058651026392961850e-05 5.782600279605897674e-07
-1.052785923753665538e-05 5.742012040200795181e-07
-1.046920821114369395e-05 5.697219083372122683e-07
-1.041055718475073252e-05 5.648217951816995234e-07
-1.035190615835777109e-05 5.595007329557407412e-07
-1.029325513196480797e-05 5.537588021721232876e-07
-1.023460410557184654e-05 5.475962932903831763e-07
-1.017595307917888511e-05 5.410137044201155715e-07
-1.011730205278592368e-05 5.340117389005568601e-07
-1.005865102639296055e-05 5.265913027655716353e-07
-9.999999999999999124e-06 5.187535021031884200e-07
-9.941348973607037694e-06 5.104996403187797806e-07
-9.882697947214076265e-06 5.018312153109314495e-07
-9.824046920821114835e-06 4.927499165689641818e-07
-9.765395894428151712e-06 4.832576222009614293e-07
-9.706744868035190282e-06 4.733563959010308184e-07
-9.648093841642228853e-06 4.630484838643707158e-07
-9.589442815249267423e-06 4.523363116585493209e-07
-9.530791788856304299e-06 4.412224810591958799e-07
-9.472140762463342870e-06 4.297097668581070553e-07
-9.413489736070381440e-06 4.178011136515213415e-07
-9.354838709677416623e-06 4.054996326160797393e-07
-9.296187683284453499e-06 3.928085982797179447e-07
-9.237536656891492070e-06 3.797314452944471551e-07
-9.178885630498530640e-06 3.662717652176980623e-07
-9.120234604105569210e-06 3.524333033085758008e-07
-9.061583577712606087e-06 3.382199553450686919e-07
-9.002932551319644657e-06 3.236357644679020501e-07
-8.944281524926683228e-06 3.086849180564016820e-07
-8.885630498533721798e-06 2.933717446413660016e-07
-8.826979472140760369e-06 2.777007108595997794e-07
-8.768328445747797245e-06 2.616764184543833346e-07
-8.709677419354835815e-06 2.453036013257886107e-07
-8.651026392961874386e-06 2.285871226343799259e-07
-8.592375366568912956e-06 2.115319719614550466e-07
-8.533724340175949833e-06 1.941432625286042690e-07
-8.475073313782988403e-06 1.764262284789925268e-07
-8.416422287390026974e-06 1.583862222223801467e-07
-8.357771260997065544e-06 1.400287118455389928e-07
-8.299120234604102420e-06 1.213592785893257912e-07
-8.240469208211140991e-06 1.023836143933263283e-07
-8.181818181818179561e-06 8.310751950860765087e-08
-8.123167155425218132e-06 6.353690017876762998e-08
-8.064516129032256702e-06 4.367776638910855331e-08
-8.005865102639293579e-06 2.353622968343818172e-08
-7.947214076246332149e-06 3.118501047651007092e-09
-7.888563049853370720e-06 -1.756911114106595462e-08
-7.829912023460409290e-06 -3.852020310087634199e-08
-7.771260997067446166e-06 -5.972827756955989874e-08
-7.712609970674484737e-06 -8.118674566845940902e-08
-7.653958944281523307e-06 -1.028889287084395694e-07
-7.595307917888561031e-06 -1.248280599404525155e-07
-7.536656891495599601e-06 -1.469972862535502149e-07
-7.478005865102637325e-06 -1.693896698234115546e-07
-7.419354838709675895e-06 -1.919981897146728199e-07
-7.360703812316713618e-06 -2.148157434405433481e-07
-7.302052785923752189e-06 -2.378351484833759142e-07
-7.243401759530790759e-06 -2.610491437800302453e-07
-7.184750733137828483e-06 -2.844503911760089184e-07
-7.126099706744867053e-06 -3.080314768524936033e-07
-7.067448680351904777e-06 -3.317849127305007495e-07
-7.008797653958943347e-06 -3.557031378565092735e-07
-6.950146627565981071e-06 -3.797785197739528018e-07
-6.891495601173019641e-06 -4.040033558850703500e-07
-6.832844574780057364e-06 -4.283698748076257815e-07
-6.774193548387095935e-06 -4.528702377310602310e-07
-6.715542521994133658e-06 -4.774965397766318297e-07
-6.656891495601172229e-06 -5.022408113661068633e-07
-6.598240469208209952e-06 -5.270950196035393890e-07
-6.539589442815248523e-06 -5.520510696746412384e-07
-6.480938416422287093e-06 -5.771008062681831363e-07
-6.422287390029324816e-06 -6.022360150238144588e-07
-6.363636363636363387e-06 -6.274484240105770303e-07
-6.304985337243401110e-06 -6.527297052403265249e-07
-6.246334310850439681e-06 -6.780714762201270185e-07
-6.187683284457477404e-06 -7.034653015475779348e-07
-6.129032258064515975e-06 -7.289026945528851398e-07
-6.070381231671553698e-06 -7.543751189913376970e-07
-6.011730205278592269e-06 -7.798739907896922339e-07
-5.953079178885629992e-06 -8.053906798497790435e-07
-5.894428152492668562e-06 -8.309165119124715642e-07
-5.835777126099706286e-06 -8.564427704849656444e-07
-5.777126099706744856e-06 -8.819606988340974125e-07
-5.718475073313782580e-06 -9.074615020482361937e-07
-5.659824046920821150e-06 -9.329363491700502607e-07
-5.601173020527859721e-06 -9.583763754022313451e-07
-5.542521994134894056e-06 -9.837726843880323801e-07
-5.483870967741931779e-06 -1.009116350568215132e-06
-5.425219941348970350e-06 -1.034398421615798128e-06
-5.366568914956008920e-06 -1.059609920949715546e-06
-5.307917888563046644e-06 -1.084741850328284293e-06
-5.249266862170085214e-06 -1.109785192523092836e-06
-5.190615835777122937e-06 -1.134730914073703755e-06
-5.131964809384161508e-06 -1.159569968123306599e-06
-5.073313782991199231e-06 -1.184293297335185093e-06
-5.014662756598237802e-06 -1.208891836889658832e-06
-4.956011730205275525e-06 -1.233356517560859947e-06
-4.897360703812314096e-06 -1.257678268872509144e-06
-4.838709677419351819e-06 -1.281848022331586802e-06
-4.780058651026390390e-06 -1.305856714738570974e-06
-4.721407624633428113e-06 -1.329695291572672537e-06
-4.662756598240466683e-06 -1.353354710450292103e-06
-4.604105571847504407e-06 -1.376825944654673438e-06
-4.545454545454542977e-06 -1.400099986734554065e-06
-4.486803519061581548e-06 -1.423167852169353062e-06
-4.428152492668619271e-06 -1.446020583098306668e-06
-4.369501466275657842e-06 -1.468649252110703128e-06
-4.310850439882695565e-06 -1.491044966094238825e-06
-4.252199413489734135e-06 -1.513198870138305976e-06
-4.193548387096771859e-06 -1.535102151488891319e-06
-4.134897360703810429e-06 -1.556746043551580132e-06
-4.076246334310848153e-06 -1.578121829939042394e-06
-4.017595307917886723e-06 -1.599220848559213165e-06
-3.958944281524924447e-06 -1.620034495740292643e-06
-3.900293255131963017e-06 -1.640554230388545661e-06
-3.841642228739000740e-06 -1.660771578174781935e-06
-3.782991202346039311e-06 -1.680678135745332504e-06
-3.724340175953077458e-06 -1.700265574953212659e-06
-3.665689149560115605e-06 -1.719525647105137519e-06
-3.607038123167153752e-06 -1.738450187219948406e-06
-3.548387096774191899e-06 -1.757031118294009249e-06
-3.489736070381230046e-06 -1.775260455569046460e-06
-3.431085043988268193e-06 -1.793130310797913377e-06
-3.372434017595306339e-06 -1.810632896503721790e-06
-3.313782991202344910e-06 -1.827760530227783749e-06
-3.255131964809383057e-06 -1.844505638761810206e-06
-3.196480938416421204e-06 -1.860860762359823209e-06
-3.137829912023459351e-06 -1.876818558925261685e-06
-3.079178885630497498e-06 -1.892371808168790258e-06
-3.020527859237535645e-06 -1.907513415732364604e-06
-2.961876832844573792e-06 -1.922236417275157659e-06
-2.903225806451611938e-06 -1.936533982516998242e-06
-2.844574780058650085e-06 -1.950399419235048789e-06
-2.785923753665688232e-06 -1.963826177209526443e-06
-2.727272727272726379e-06 -1.976807852114334593e-06
-2.668621700879764526e-06 -1.989338189348577874e-06
-2.609970674486802673e-06 -2.001411087805009206e-06
-2.551319648093841244e-06 -2.013020603571583258e-06
-2.492668621700879391e-06 -2.024160953562360583e-06
-2.434017595307917537e-06 -2.034826519074150683e-06
-2.375366568914955684e-06 -2.045011849265363991e-06
-2.316715542521993831e-06 -2.054711664553707087e-06
-2.258064516129031978e-06 -2.063920859929417291e-06
-2.199413489736070125e-06 -2.072634508180917866e-06
-2.140762463343108272e-06 -2.080847863029863131e-06
-2.082111436950146419e-06 -2.088556362172699954e-06
-2.023460410557184566e-06 -2.095755630225984258e-06
-1.964809384164222713e-06 -2.102441481572840333e-06
-1.906158357771261072e-06 -2.108609923108086611e-06
-1.847507331378295619e-06 -2.114257156879678696e-06
-1.788856304985333766e-06 -2.119379582624266494e-06
-1.730205278592371913e-06 -2.123973800194802914e-06
-1.671554252199410059e-06 -2.128036611878254295e-06
-1.612903225806448418e-06 -2.131565024601643926e-06
-1.554252199413486565e-06 -2.134556252024749436e-06
-1.495601173020524712e-06 -2.137007716517930653e-06
-1.436950146627562859e-06 -2.138917051023708122e-06
-1.378299120234601006e-06 -2.140282100800812417e-06
-1.319648093841639153e-06 -2.141100925049586151e-06
-1.260997067448677300e-06 -2.141371798417726078e-06
-1.202346041055715658e-06 -2.141093212385469099e-06
-1.143695014662753805e-06 -2.140263876529490361e-06
-1.085043988269791952e-06 -2.138882719664831570e-06
-1.026392961876830099e-06 -2.136948890864366131e-06
-9.677419354838682462e-07 -2.134461760355353451e-06
-9.090909090909064990e-07 -2.131420920292799503e-06
-8.504398826979446460e-07 -2.127826185409394946e-06
-7.917888563049827929e-07 -2.123677593541960504e-06
-7.331378299120210457e-07 -2.118975406034355548e-06
-6.744868035190591927e-07 -2.113720108016989653e-06
-6.158357771260973396e-07 -2.107912408563071379e-06
-5.571847507331354865e-07 -2.101553240721903015e-06
-4.985337243401737393e-07 -2.094643761429550371e-06
-4.398826979472118863e-07 -2.087185351297339919e-06
-3.812316715542500862e-07 -2.079179614278680500e-06
-3.225806451612882331e-07 -2.070628377214810145e-06
-2.639296187683264330e-07 -2.061533689260106241e-06
-2.052785923753646064e-07 -2.051897821187708252e-06
-1.466275659824027798e-07 -2.041723264576211926e-06
-8.797653958944095318e-08 -2.031012730878307022e-06
-2.932551319647913320e-08 -2.019769150372254278e-06
2.932551319648268677e-08 -2.007995670997165140e-06
8.797653958944451337e-08 -1.995695657073109563e-06
1.466275659824063267e-07 -1.982872687907101797e-06
2.052785923753681533e-07 -1.969530556286094100e-06
2.639296187683299799e-07 -1.955673266858133291e-06
3.225806451612917800e-07 -1.941305034402879571e-06
3.812316715542536331e-07 -1.926430281992744570e-06
4.398826979472154332e-07 -1.911053639045927683e-06
4.985337243401772334e-07 -1.895179939272683885e-06
5.571847507331390864e-07 -1.878814218516177247e-06
6.158357771261009395e-07 -1.861961712489332358e-06
6.744868035190626867e-07 -1.844627854409110685e-06
7.331378299120245397e-07 -1.826818272529687422e-06
7.917888563049863928e-07 -1.808538787576026570e-06
8.504398826979482459e-07 -1.789795410079400523e-06
9.090909090909099931e-07 -1.770594337616417571e-06
9.677419354838718461e-07 -1.750941951953151423e-06
1.026392961876833699e-06 -1.730844816096032737e-06
1.085043988269795552e-06 -1.710309671251135519e-06
1.143695014662757405e-06 -1.689343433693581677e-06
1.202346041055719047e-06 -1.667953191548779820e-06
1.260997067448680900e-06 -1.646146201487265222e-06
1.319648093841642753e-06 -1.623929885334939608e-06
1.378299120234604606e-06 -1.601311826600525544e-06
1.436950146627566459e-06 -1.578299766922110549e-06
1.495601173020528312e-06 -1.554901602434663872e-06
1.554252199413490165e-06 -1.531125380060461843e-06
1.612903225806451806e-06 -1.506979293724373353e-06
1.671554252199413659e-06 -1.482471680496022672e-06
1.730205278592375512e-06 -1.457611016660837708e-06
1.788856304985337366e-06 -1.432405913722076315e-06
1.847507331378299219e-06 -1.406865114335918346e-06
1.906158357771261072e-06 -1.380997488181778761e-06
1.964809384164226525e-06 -1.354812027770020540e-06
2.023460410557184566e-06 -1.328317844189279028e-06
2.082111436950149807e-06 -1.301524162795660538e-06
2.140762463343108272e-06 -1.274440318846111333e-06
2.199413489736073513e-06 -1.247075753078290534e-06
2.258064516129031978e-06 -1.219440007239317610e-06
2.316715542521997219e-06 -1.191542719565813566e-06
2.375366568914955684e-06 -1.163393620217681002e-06
2.434017595307920926e-06 -1.135002526668118403e-06
2.492668621700879391e-06 -1.106379339052399386e-06
2.551319648093844632e-06 -1.077534035477979594e-06
2.609970674486802673e-06 -1.048476667298551118e-06
2.668621700879768338e-06 -1.019217354354665798e-06
2.727272727272726379e-06 -9.897662801836385497e-07
2.785923753665692044e-06 -9.601336872014193951e-07
2.844574780058650085e-06 -9.303298718592114300e-07
2.903225806451615327e-06 -9.003651797776042937e-07
2.961876832844573792e-06 -8.702500008610527725e-07
3.020527859237539033e-06 -8.399947643955524911e-07
3.079178885630497498e-06 -8.096099341323919713e-07
3.137829912023462739e-06 -7.791060033608972861e-07
3.196480938416421204e-06 -7.484934899731027946e-07
3.255131964809386445e-06 -7.177829315233210460e-07
3.313782991202344910e-06 -6.869848802855921352e-07
3.372434017595310151e-06 -6.561098983120292203e-07
3.431085043988268193e-06 -6.251685524950826255e-07
3.489736070381233857e-06 -5.941714096367736496e-07
3.548387096774191899e-06 -5.631290315279615846e-07
3.607038123167157563e-06 -5.320519700407085116e-07
3.665689149560115605e-06 -5.009507622368355543e-07
3.724340175953080846e-06 -4.698359254957523087e-07
3.782991202346039311e-06 -4.387179526646558839e-07
3.841642228739004976e-06 -4.076073072341978405e-07
3.900293255131969793e-06 -3.765144185427028634e-07
3.958944281524928682e-06 -3.454496770120429086e-07
4.017595307917893499e-06 -3.144234294182255653e-07
4.076246334310851541e-06 -2.834459741997867702e-07
4.134897360703817206e-06 -2.525275568070235848e-07
4.193548387096775247e-06 -2.216783650951159588e-07
4.252199413489740912e-06 -1.909085247641393380e-07
4.310850439882698953e-06 -1.602280948489709527e-07
4.369501466275664618e-06 -1.296470632620364844e-07
4.428152492668622659e-06 -9.917534239183223628e-08
4.486803519061588324e-06 -6.882276476011723999e-08
4.545454545454546365e-06 -3.859907874062409456e-08
4.604105571847512030e-06 -8.513944342097327161e-09
4.662756598240470072e-06 2.142307094156687507e-08
4.721407624633435736e-06 5.120249621138311052e-08
4.780058651026393778e-06 8.081496117086061764e-08
4.838709677419359442e-06 1.102512000585273528e-07
4.897360703812317484e-06 1.395020555028390065e-07
4.956011730205283149e-06 1.685584822969997360e-07
5.014662756598241190e-06 1.974115510912905180e-07
5.073313782991206855e-06 2.260524520005619435e-07
5.131964809384164896e-06 2.544724981246382881e-07
5.190615835777129714e-06 2.826631289794375202e-07
5.249266862170088602e-06 3.106159138367220241e-07
5.307917888563053420e-06 3.383225549704469992e-07
5.366568914956012308e-06 3.657748908077938045e-07
5.425219941348977126e-06 3.929648989830419003e-07
5.483870967741936014e-06 4.198846992925432870e-07
5.542521994134900832e-06 4.465265565491548750e-07
5.601173020527859721e-06 4.728828833345821558e-07
5.659824046920824538e-06 4.989462426481958052e-07
5.718475073313782580e-06 5.247093504509910090e-07
5.777126099706748244e-06 5.501650781034532112e-07
5.835777126099706286e-06 5.753064546962260722e-07
5.894428152492671951e-06 6.001266692725719745e-07
5.953079178885629992e-06 6.246190729417410372e-07
6.011730205278595657e-06 6.487771808824806981e-07
6.070381231671553698e-06 6.725946742360324844e-07
6.129032258064519363e-06 6.960654018880898568e-07
6.187683284457477404e-06 7.191833821393092833e-07
6.246334310850443069e-06 7.419428042640941715e-07
6.304985337243401110e-06 7.643380299574900910e-07
6.363636363636366775e-06 7.863635946701710610e-07
6.422287390029324816e-06 8.080142088316031951e-07
6.480938416422290481e-06 8.292847589616187435e-07
6.539589442815248523e-06 8.501703086707536394e-07
6.598240469208214187e-06 8.706660995498331580e-07
6.656891495601172229e-06 8.907675519494191518e-07
6.715542521994137893e-06 9.104702656498652049e-07
6.774193548387095935e-06 9.297700204228465367e-07
6.832844574780060753e-06 9.486627764853776033e-07
6.891495601173019641e-06 9.671446748474434184e-07
6.950146627565984459e-06 9.852120375545019098e-07
7.008797653958943347e-06 1.002861367826248563e-06
7.067448680351908165e-06 1.020089350093155938e-06
7.126099706744867053e-06 1.036892849932424642e-06
7.184750733137831871e-06 1.053268913905105667e-06
7.243401759530790759e-06 1.069214769296275361e-06
7.302052785923755577e-06 1.084727823760265847e-06
7.360703812316713618e-06 1.099805664873070151e-06
7.419354838709679283e-06 1.114446059594150812e-06
7.478005865102637325e-06 1.128646953639994004e-06
7.536656891495602989e-06 1.142406470771873626e-06
7.595307917888568654e-06 1.155722912000370051e-06
7.653958944281526695e-06 1.168594754709312111e-06
7.712609970674491513e-06 1.181020651701903860e-06
7.771260997067449555e-06 1.192999430171882360e-06
7.829912023460416066e-06 1.204530090602660722e-06
7.888563049853374108e-06 1.215611805597483065e-06
7.947214076246338925e-06 1.226243918643704461e-06
8.005865102639296967e-06 1.236425942814390003e-06
8.064516129032263479e-06 1.246157559410493258e-06
8.123167155425221520e-06 1.255438616546945459e-06
8.181818181818186338e-06 1.264269127686042306e-06
8.240469208211144379e-06 1.272649270121584489e-06
8.299120234604110891e-06 1.280579383417261276e-06
8.357771260997068932e-06 1.288059967802818615e-06
8.416422287390033750e-06 1.295091682531599359e-06
8.475073313782991791e-06 1.301675344203052106e-06
8.533724340175958303e-06 1.307811925053860659e-06
8.592375366568916344e-06 1.313502551221328272e-06
8.651026392961881162e-06 1.318748500982697488e-06
8.709677419354839204e-06 1.323551202974063890e-06
8.768328445747804021e-06 1.327912234392548884e-06
8.826979472140763757e-06 1.331833319185387512e-06
8.885630498533728574e-06 1.335316326229561475e-06
8.944281524926686616e-06 1.338363267505596528e-06
9.002932551319651434e-06 1.340976296269084095e-06
9.061583577712611169e-06 1.343157705223466672e-06
9.120234604105575987e-06 1.344909924697578887e-06
9.178885630498534028e-06 1.346235520831351420e-06
9.237536656891498846e-06 1.347137193773053632e-06
9.296187683284456887e-06 1.347617775891344862e-06
9.354838709677423399e-06 1.347680230005353350e-06
9.413489736070381440e-06 1.347327647635877185e-06
9.472140762463346258e-06 1.346563247280735658e-06
9.530791788856304299e-06 1.345390372717168905e-06
9.589442815249270811e-06 1.343812491334080009e-06
9.648093841642228853e-06 1.341833192496789618e-06
9.706744868035193670e-06 1.339456185946834428e-06
9.765395894428151712e-06 1.336685300239222523e-06
9.824046920821118223e-06 1.333524481219377717e-06
9.882697947214076265e-06 1.329977790541894495e-06
9.941348973607041083e-06 1.326049404233017441e-06
9.999999999999999124e-06 1.321743611298633852e-06
1.005865102639296564e-05 1.317064812379350377e-06
1.011730205278592368e-05 1.312017518454090672e-06
1.017595307917888849e-05 1.306606349593404776e-06
1.023460410557184654e-05 1.300836033763537154e-06
1.029325513196481305e-05 1.294711405682068244e-06
1.035190615835777109e-05 1.288237405725745515e-06
1.041055718475073591e-05 1.281419078890913158e-06
1.046920821114369395e-05 1.274261573806720603e-06
1.052785923753665877e-05 1.266770141801081505e-06
1.058651026392961850e-05 1.258950136019117637e-06
1.064516129032258332e-05 1.250807010593597270e-06
1.070381231671554136e-05 1.242346319866648899e-06
1.076246334310850618e-05 1.233573717661780262e-06
1.082111436950146422e-05 1.224494956605020394e-06
1.087976539589443073e-05 1.215115887493726347e-06
1.093841642228738877e-05 1.205442458711400522e-06
1.099706744868035359e-05 1.195480715686570240e-06
1.105571847507331163e-05 1.185236800393590988e-06
1.111436950146627814e-05 1.174716950892956771e-06
1.117302052785923619e-05 1.163927500908470369e-06
1.123167155425220100e-05 1.152874879438396768e-06
1.129032258064516751e-05 1.141565610397478450e-06
1.134897360703812556e-05 1.130006312286455327e-06
1.140762463343109037e-05 1.118203697885509324e-06
1.146627565982404842e-05 1.106164573967817323e-06
1.152492668621701323e-05 1.093895841029196666e-06
1.158357771260997297e-05 1.081404493029580960e-06
1.164222873900293779e-05 1.068697617141887302e-06
1.170087976539589583e-05 1.055782393503606291e-06
1.175953079178886065e-05 1.042666094966275305e-06
1.181818181818182038e-05 1.029356086837796255e-06
1.187683284457478520e-05 1.015859826612377553e-06
1.193548387096774324e-05 1.002184863682737728e-06
1.199413489736070806e-05 9.883388390290164818e-07
1.205278592375366610e-05 9.743294848787225123e-07
1.211143695014663261e-05 9.601646243319011068e-07
1.217008797653959065e-05 9.458521709455777657e-07
1.222873900293255547e-05 9.314001282714430668e-07
1.228739002932551351e-05 9.168165893406252881e-07
1.234604105571848002e-05 9.021097360893414002e-07
1.240469208211143806e-05 8.872878387191225998e-07
1.246334310850440288e-05 8.723592549852954105e-07
1.252199413489736092e-05 8.573324294073228297e-07
1.258064516129032744e-05 8.422158923946266228e-07
1.263929618768328548e-05 8.270182592814892059e-07
1.269794721407625029e-05 8.117482292646526195e-07
1.275659824046920834e-05 7.964145842372697852e-07
1.281524926686217485e-05 7.810261875129047458e-07
1.287390029325513289e-05 7.655919824333503722e-07
1.293255131964809771e-05 7.501209908541300651e-07
1.299120234604105575e-05 7.346223115016242026e-07
1.304985337243402057e-05 7.191051181959279957e-07
1.310850439882698030e-05 7.035786579336525512e-07
1.316715542521994512e-05 6.880522488250664437e-07
1.322580645161290316e-05 6.725352778801503264e-07
1.328445747800586798e-05 6.570371986383230358e-07
1.334310850439882771e-05 6.415675286368519650e-07
1.340175953079179253e-05 6.261358467131452416e-07
1.346041055718475057e-05 6.107517901364410940e-07
1.351906158357771539e-05 5.954250515646303356e-07
1.357771260997067343e-05 5.801653758222716773e-07
1.363636363636363994e-05 5.649825564961722350e-07
1.369501466275659798e-05 5.498864323452085259e-07
1.375366568914956280e-05 5.348868835214398512e-07
1.381231671554252084e-05 5.199938275999036190e-07
1.387096774193548736e-05 5.052172154148730608e-07
1.392961876832844540e-05 4.905670267007474354e-07
1.398826979472141021e-05 4.760532655361513842e-07
1.404692082111436826e-05 4.616859555902420363e-07
1.410557184750733477e-05 4.474751351706580956e-07
1.416422287390029281e-05 4.334308520729889392e-07
1.422287390029325763e-05 4.195631582321073567e-07
1.428152492668621567e-05 4.058821041761687590e-07
1.434017595307918218e-05 3.923977332845622292e-07
1.439882697947214022e-05 3.791200758515898027e-07
1.445747800586510504e-05 3.660591429581364538e-07
1.451612903225806308e-05 3.532249201540937053e-07
1.457478005865102959e-05 3.406273609548188484e-07
1.463343108504398763e-05 3.282763801553973755e-07
1.469208211143695245e-05 3.161818469670107065e-07
1.475073313782991049e-05 3.043535779802128385e-07
1.480938416422287531e-05 2.928013299604278732e-07
1.486803519061583505e-05 2.815347924815131629e-07
1.492668621700879986e-05 2.705635804037180563e-07
1.498533724340175791e-05 2.598972262028908478e-07
1.504398826979472272e-05 2.495451721582800878e-07
1.510263929618768923e-05 2.395167624067775378e-07
1.516129032258064728e-05 2.298212348719251070e-07
1.521994134897361209e-05 2.204677130764959727e-07
1.527859237536657183e-05 2.114651978479236235e-07
1.533724340175953495e-05 2.028225589263038231e-07
1.539589442815249469e-05 1.945485264851402166e-07
1.545454545454546120e-05 1.866516825754280548e-07
1.551319648093841755e-05 1.791404525040796300e-07
1.557184750733138406e-05 1.720230961580939702e-07
1.563049853372434041e-05 1.653076992862466123e-07
1.568914956011730692e-05 1.590021647504150449e-07
1.574780058651026665e-05 1.531142037590245025e-07
1.580645161290322978e-05 1.476513270953622231e-07
1.586510263929618951e-05 1.426208363538452652e-07
1.592375366568915264e-05 1.380298151975544900e-07
1.598240469208211237e-05 1.338851206506061616e-07
1.604105571847507888e-05 1.301933744391326245e-07
1.609970674486803523e-05 1.269609543948452418e-07
1.615835777126100174e-05 1.241939859352859507e-07
1.621700879765396148e-05 1.218983336350237117e-07
1.627565982404692460e-05 1.200795929021399872e-07
1.633431085043988434e-05 1.187430817744160940e-07
1.639296187683284746e-05 1.178938328496732377e-07
1.645161290322580720e-05 1.175365853647261458e-07
1.651026392961877371e-05 1.176757774373796098e-07
1.656891495601173006e-05 1.183155384858467600e-07
1.662756598240469657e-05 1.194596818398634684e-07
1.668621700879765291e-05 1.211116975576830701e-07
1.674486803519061943e-05 1.232747454629315622e-07
1.680351906158357916e-05 1.259516484151653463e-07
1.686217008797654229e-05 1.291448858277317819e-07
1.692082111436950202e-05 1.328565874462683283e-07
1.697947214076246853e-05 1.370885274009207537e-07
1.703812316715542488e-05 1.418421185450273320e-07
1.709677419354839139e-05 1.471184070926776615e-07
1.715542521994134774e-05 1.529180675671681244e-07
1.721407624633431425e-05 1.592413980719863432e-07
1.727272727272727399e-05 1.660883158955079571e-07
1.733137829912023711e-05 1.734583534601309556e-07
1.739002932551319685e-05 1.813506546260828505e-07
1.744868035190615997e-05 1.897639713596158896e-07
1.750733137829911970e-05 1.986966607747671202e-07
1.756598240469208622e-05 2.081466825572851069e-07
1.762463343108504256e-05 2.181115967787539967e-07
1.768328445747800908e-05 2.285885621083068032e-07
1.774193548387096881e-05 2.395743344287173277e-07
1.780058651026393193e-05 2.510652658629911674e-07
1.785923753665689167e-05 2.630573042169104622e-07
1.791788856304985479e-05 2.755459928423223541e-07
1.797653958944281453e-05 2.885264709252276506e-07
1.803519061583578104e-05 3.019934742020633842e-07
1.809384164222873739e-05 3.159413361068069747e-07
1.815249266862170390e-05 3.303639893508293133e-07
1.821114369501466025e-05 3.452549679366801248e-07
1.826979472140762676e-05 3.606074096062407725e-07
1.832844574780058649e-05 3.764140587229361852e-07
1.838709677419354962e-05 3.926672695869576495e-07
1.844574780058650935e-05 4.093590101816846129e-07
1.850439882697947587e-05 4.264808663487652430e-07
1.856304985337243221e-05 4.440240463885589880e-07
1.862170087976539872e-05 4.619793860819141288e-07
1.868035190615835507e-05 4.803373541285248177e-07
1.873900293255132158e-05 4.990880579963913227e-07
1.879765395894428132e-05 5.182212501761934135e-07
1.885630498533724444e-05 5.377263348337028466e-07
1.891495601173021095e-05 5.575923748526652278e-07
1.897360703812316730e-05 5.778080992599256620e-07
1.903225806451613381e-05 5.983619110239313968e-07
1.909090909090909355e-05 6.192418952170958911e-07
1.914956011730205667e-05 6.404358275319337124e-07
1.920821114369501641e-05 6.619311831402630464e-07
1.926686217008798292e-05 6.837151458842374944e-07
1.932551319648093927e-05 7.057746177874151873e-07
1.938416422287390578e-05 7.280962288735892733e-07
1.944281524926686213e-05 7.506663472806037725e-07
1.950146627565982864e-05 7.734710896559455270e-07
1.956011730205278837e-05 7.964963318204755497e-07
1.961876832844575150e-05 8.197277196862846555e-07
1.967741935483871123e-05 8.431506804142900162e-07
1.973607038123167774e-05 8.667504337968882640e-07
1.979472140762463409e-05 8.905120038506621770e-07
1.985337243401760060e-05 9.144202306039215664e-07
1.991202346041055695e-05 9.384597820636047667e-07
1.997067448680352346e-05 9.626151663459037587e-07
2.002932551319648320e-05 9.868707439548270919e-07
2.008797653958944632e-05 1.011210740192784644e-06
2.014662756598240606e-05 1.035619257687228704e-06
2.020527859237536918e-05 1.060080289017310167e-06
2.026392961876832892e-05 1.084577729424537316e-06
2.032258064516129543e-05 1.109095389591425933e-06
2.038123167155425178e-05 1.133617008472205100e-06
2.043988269794721829e-05 1.158126266159747835e-06
2.049853372434017802e-05 1.182606796773004383e-06
2.055718475073314115e-05 1.207042201349412239e-06
2.061583577712610088e-05 1.231416060726928545e-06
2.067448680351906401e-05 1.255711948400566366e-06
2.073313782991202374e-05 1.279913443338586571e-06
2.079178885630499025e-05 1.304004142743767475e-06
2.085043988269794660e-05 1.327967674745511475e-06
2.090909090909091311e-05 1.351787711008860936e-06
2.096774193548386946e-05 1.375447979246908488e-06
2.102639296187683597e-05 1.398932275623443713e-06
2.108504398826979571e-05 1.422224477033105515e-06
2.114369501466275883e-05 1.445308553246762464e-06
2.120234604105571857e-05 1.468168578910277854e-06
2.126099706744868508e-05 1.490788745385313935e-06
2.131964809384164142e-05 1.513153372421302776e-06
2.137829912023460794e-05 1.535246919648237895e-06
2.143695014662756428e-05 1.557053997880443080e-06
2.149560117302053080e-05 1.578559380222023478e-06
2.155425219941349053e-05 1.599748012965228775e-06
2.161290322580645365e-05 1.620605026273517964e-06
2.167155425219941339e-05 1.641115744641667467e-06
2.173020527859237651e-05 1.661265697125819605e-06
2.178885630498533625e-05 1.681040627336925958e-06
2.184750733137830276e-05 1.700426503191610665e-06
2.190615835777125911e-05 1.719409526415024588e-06
2.196480938416422562e-05 1.737976141790826891e-06
2.202346041055718536e-05 1.756113046153970372e-06
2.208211143695014848e-05 1.773807197122519950e-06
2.214076246334310821e-05 1.791045821565256395e-06
2.219941348973607134e-05 1.807816423802350522e-06
2.225806451612903107e-05 1.824106793536901370e-06
2.231671554252199758e-05 1.839905013515617997e-06
2.237536656891495393e-05 1.855199466917435796e-06
2.243401759530792044e-05 1.869978844469288872e-06
2.249266862170087679e-05 1.884232151288733573e-06
2.255131964809384330e-05 1.897948713453536871e-06
2.260997067448680981e-05 1.911118184298755409e-06
2.266862170087976616e-05 1.923730550442217232e-06
2.272727272727273267e-05 1.935776137539676351e-06
2.278592375366569241e-05 1.947245615771261772e-06
2.284457478005865553e-05 1.958130005061160692e-06
2.290322580645161527e-05 1.968420680032743883e-06
2.296187683284457839e-05 1.978109374701649564e-06
2.302052785923753813e-05 1.987188186909531623e-06
2.307917888563050464e-05 1.995649582501441042e-06
2.313782991202346099e-05 2.003486399249958009e-06
2.319648093841642750e-05 2.010691850529367588e-06
2.325513196480938723e-05 2.017259528743315332e-06
2.331378299120235036e-05 2.023183408509455923e-06
2.337243401759531009e-05 2.028457849604711247e-06
2.343108504398827322e-05 2.033077599674803849e-06
2.348973607038123295e-05 2.037037796711734714e-06
2.354838709677419946e-05 2.040333971302906882e-06
2.360703812316715581e-05 2.042962048655540545e-06
2.366568914956012232e-05 2.044918350399995606e-06
2.372434017595307867e-05 2.046199596175533823e-06
2.378299120234604518e-05 2.046802905001952292e-06
2.384164222873900492e-05 2.046725796440410765e-06
2.390029325513196804e-05 2.045966191546630009e-06
2.395894428152492778e-05 2.044522413619465222e-06
2.401759530791789429e-05 2.042393188747716200e-06
2.407624633431085064e-05 2.039577646157788620e-06
2.413489736070381715e-05 2.036075318364653945e-06
2.419354838709677349e-05 2.031886141128311088e-06
2.425219941348974001e-05 2.027010453217703924e-06
2.431085043988269974e-05 2.021448995983816691e-06
2.436950146627566287e-05 2.015202912743400340e-06
2.442815249266862260e-05 2.008273747974515280e-06
2.448680351906158572e-05 2.000663446324803177e-06
2.454545454545454546e-05 1.992374351433114204e-06
2.460410557184751197e-05 1.983409204564853948e-06
2.466275659824046832e-05 1.973771143061098275e-06
2.472140762463343483e-05 1.963463698601285980e-06
2.478005865102639457e-05 1.952490795278978038e-06
2.483870967741935769e-05 1.940856747489924527e-06
2.489736070381231743e-05 1.928566257631398627e-06
2.495601173020528055e-05 1.915624413611508519e-06
2.501466275659824028e-05 1.902036686166931188e-06
2.507331378299120680e-05 1.887808925987283001e-06
2.513196480938416314e-05 1.872947360644121286e-06
2.519061583577712966e-05 1.857458591322342870e-06
2.524926686217008600e-05 1.841349589351565735e-06
2.530791788856305251e-05 1.824627692534901034e-06
2.536656891495601225e-05 1.807300601272345868e-06
2.542521994134897537e-05 1.789376374475935771e-06
2.548387096774193511e-05 1.770863425273616682e-06
2.554252199413490162e-05 1.751770516498768669e-06
2.560117302052785797e-05 1.732106755962202480e-06
2.565982404692082448e-05 1.711881591503429692e-06
2.571847507331378083e-05 1.691104805817991743e-06
2.577712609970674734e-05 1.669786511057634419e-06
2.583577712609970707e-05 1.647937143200167104e-06
2.589442815249267020e-05 1.625567456185920185e-06
2.595307917888562993e-05 1.602688515817785614e-06
2.601173020527859306e-05 1.579311693422002004e-06
2.607038123167155279e-05 1.555448659266949608e-06
2.612903225806451930e-05 1.531111375737465545e-06
2.618768328445747565e-05 1.506312090262362425e-06
2.624633431085044216e-05 1.481063327993109232e-06
2.630498533724340868e-05 1.455377884231921750e-06
2.636363636363636502e-05 1.429268816607785506e-06
2.642228739002933153e-05 1.402749436999316875e-06
2.648093841642228788e-05 1.375833303203700012e-06
2.653958944281525439e-05 1.348534210351362069e-06
2.659824046920821413e-05 1.320866182066451709e-06
2.665689149560117725e-05 1.292843461373650304e-06
2.671554252199413699e-05 1.264480501352317235e-06
2.677419354838710350e-05 1.235791955539474253e-06
2.683284457478005985e-05 1.206792668083641021e-06
2.689149560117302636e-05 1.177497663652109750e-06
2.695014662756598271e-05 1.147922137094778958e-06
2.700879765395894922e-05 1.118081442868273099e-06
2.706744868035190895e-05 1.087991084224661571e-06
2.712609970674487208e-05 1.057666702169722078e-06
2.718475073313783181e-05 1.027124064196293030e-06
2.724340175953079494e-05 9.963790527989432155e-07
2.730205278592375467e-05 9.654476537767879382e-07
2.736070381231672118e-05 9.343459443319812258e-07
2.741935483870967753e-05 9.030900809720438875e-07
2.747800586510264404e-05 8.716962872248684354e-07
2.753665689149560378e-05 8.401808411759061678e-07
2.759530791788856690e-05 8.085600628376956220e-07
2.765395894428152664e-05 7.768503013625684873e-07
2.771260997067448976e-05 7.450679221100042417e-07
2.777126099706744950e-05 7.132292935807707519e-07
2.782991202346041601e-05 6.813507742305959303e-07
2.788856304985337236e-05 6.494486991767726271e-07
2.794721407624633887e-05 6.175393668116647549e-07
2.800586510263929521e-05 5.856390253377100826e-07
2.806451612903226173e-05 5.537638592390464350e-07
2.812316715542522146e-05 5.219299757054668793e-07
2.818181818181818459e-05 4.901533910248983191e-07
2.824046920821114432e-05 4.584500169611266284e-07
2.829912023460411083e-05 4.268356471339193116e-07
2.835777126099706718e-05 3.953259434191683168e-07
2.841642228739003369e-05 3.639364223870412822e-07
2.847507331378299004e-05 3.326824417965272833e-07
2.853372434017595655e-05 3.015791871650724213e-07
2.859237536656891629e-05 2.706416584322991722e-07
2.865102639296187941e-05 2.398846567370544573e-07
2.870967741935483915e-05 2.093227713272471467e-07
2.876832844574780227e-05 1.789703666220869614e-07
2.882697947214076200e-05 1.488415694464852562e-07
2.888563049853372852e-05 1.189502564574242401e-07
2.894428152492668486e-05 8.931004178216691286e-08
2.900293255131965138e-05 5.993426488813132068e-08
2.906158357771261111e-05 3.083597870421914767e-08
2.912023460410557423e-05 2.027938013249320083e-09
2.917888563049853397e-05 -2.647741186498722152e-08
2.923753665689149709e-05 -5.466794608077547678e-08
2.929618768328445683e-05 -8.253187093258378352e-08
2.935483870967742334e-05 -1.100577341975152784e-07
2.941348973607037969e-05 -1.372344350957391939e-07
2.947214076246334620e-05 -1.640512338709482501e-07
2.953079178885630255e-05 -1.904977609693498707e-07
2.958944281524926906e-05 -2.165640258001971513e-07
2.964809384164222879e-05 -2.422404250614207252e-07
2.970674486803519192e-05 -2.675177506145307082e-07
2.976539589442815165e-05 -2.923871968935878161e-07
2.982404692082111817e-05 -3.168403678337470020e-07
2.988269794721407451e-05 -3.408692833055995884e-07
2.994134897360704102e-05 -3.644663850423204094e-07
2.999999999999999737e-05 -3.876245420474356828e-07
