-2.999999999999999737e-05 1.716802413141005984e-06
-2.994134897360703764e-05 1.708220879477119092e-06
-2.988269794721407451e-05 1.698872018749864801e-06
-2.982404692082111478e-05 1.688761327498619535e-06
-2.976539589442815165e-05 1.677895153959732960e-06
-2.970674486803518853e-05 1.666280699832723183e-06
-2.964809384164222879e-05 1.653926020882001752e-06
-2.958944281524926567e-05 1.640840026367097471e-06
-2.953079178885630255e-05 1.627032477296068949e-06
-2.947214076246334281e-05 1.612513983498499880e-06
-2.941348973607037969e-05 1.597295999516194300e-06
-2.935483870967741995e-05 1.581390819311383560e-06
-2.929618768328445683e-05 1.564811569793976254e-06
-2.923753665689149371e-05 1.547572203171052882e-06
-2.917888563049853397e-05 1.529687488123522260e-06
-2.912023460410557085e-05 1.511172999816496587e-06
-2.906158357771261111e-05 1.492045108751623168e-06
-2.900293255131964799e-05 1.472320968471246895e-06
-2.894428152492668486e-05 1.452018502125893257e-06
-2.888563049853372513e-05 1.431156387918180785e-06
-2.882697947214076200e-05 1.409754043437851112e-06
-2.876832844574779888e-05 1.387831608904157448e-06
-2.870967741935483915e-05 1.365409929333400429e-06
-2.865102639296187602e-05 1.342510535650905913e-06
-2.859237536656891629e-05 1.319155624768230901e-06
-2.853372434017595316e-05 1.295368038647811448e-06
-2.847507331378299004e-05 1.271171242378729685e-06
-2.841642228739003030e-05 1.246589301288635688e-06
-2.835777126099706718e-05 1.221646857118233429e-06
-2.829912023460410744e-05 1.196369103286060748e-06
-2.824046920821114432e-05 1.170781759272583548e-06
-2.818181818181817781e-05 1.144911044153868063e-06
-2.812316715542522146e-05 1.118783649316317114e-06
-2.806451612903225495e-05 1.092426710385123672e-06
-2.800586510263929521e-05 1.065867778400220144e-06
-2.794721407624633209e-05 1.039134790274613296e-06
-2.788856304985337236e-05 1.012256038571016052e-06
-2.782991202346040923e-05 9.852601406337112475e-07
-2.777126099706744611e-05 9.581760071135268619e-07
-2.771260997067448298e-05 9.310328099247270096e-07
-2.765395894428152325e-05 9.038599496734801534e-07
-2.759530791788856013e-05 8.766870225983802260e-07
-2.753665689149559700e-05 8.495437870642813257e-07
-2.747800586510263727e-05 8.224601296514032358e-07
-2.741935483870967414e-05 7.954660308823574641e-07
-2.736070381231671441e-05 7.685915306303356814e-07
-2.730205278592375128e-05 7.418666932522928196e-07
-2.724340175953078816e-05 7.153215724914392653e-07
-2.718475073313782842e-05 6.889861761938533659e-07
-2.712609970674486530e-05 6.628904308843836592e-07
-2.706744868035190557e-05 6.370641462473989147e-07
-2.700879765395894244e-05 6.115369795582108938e-07
-2.695014662756597932e-05 5.863384001112432334e-07
-2.689149560117301958e-05 5.614976536911913803e-07
-2.683284457478005646e-05 5.370437271335512781e-07
-2.677419354838709334e-05 5.130053130209388702e-07
-2.671554252199413360e-05 4.894107745616554125e-07
-2.665689149560117048e-05 4.662881106968688832e-07
-2.659824046920821074e-05 4.436649214826928959e-07
-2.653958944281524762e-05 4.215683737932577998e-07
-2.648093841642228449e-05 4.000251673906469438e-07
-2.642228739002932476e-05 3.790615014072669402e-07
-2.636363636363636163e-05 3.587030412858729008e-07
-2.630498533724340190e-05 3.389748862220680700e-07
-2.624633431085043878e-05 3.199015371535994354e-07
-2.618768328445747565e-05 3.015068653402620961e-07
-2.612903225806451592e-05 2.838140815776180038e-07
-2.607038123167155279e-05 2.668457060870841703e-07
-2.601173020527858967e-05 2.506235391242315464e-07
-2.595307917888562993e-05 2.351686323463677547e-07
-2.589442815249266681e-05 2.205012609796387746e-07
-2.583577712609970707e-05 2.066408968249999499e-07
-2.577712609970674395e-05 1.936061821414551822e-07
-2.571847507331378083e-05 1.814149044439635142e-07
-2.565982404692082109e-05 1.700839722523445688e-07
-2.560117302052785797e-05 1.596293918264041697e-07
-2.554252199413489823e-05 1.500662449213208075e-07
-2.548387096774193511e-05 1.414086675961216735e-07
-2.542521994134897199e-05 1.336698301067829263e-07
-2.536656891495601225e-05 1.268619179141801124e-07
-2.530791788856304913e-05 1.209961138357098571e-07
-2.524926686217008600e-05 1.160825813680047765e-07
-2.519061583577712627e-05 1.121304492066679523e-07
-2.513196480938416314e-05 1.091477969874380486e-07
-2.507331378299120341e-05 1.071416422716431543e-07
-2.501466275659824028e-05 1.061179287971817508e-07
-2.495601173020527716e-05 1.060815160146288822e-07
-2.489736070381231743e-05 1.070361699263835337e-07
-2.483870967741935091e-05 1.089845552450539174e-07
-2.478005865102639457e-05 1.119282288855177582e-07
-2.472140762463342805e-05 1.158676348033189514e-07
-2.466275659824046832e-05 1.208021001902327118e-07
-2.460410557184750520e-05 1.267298330360148089e-07
-2.454545454545454546e-05 1.336479210634565962e-07
-2.448680351906157895e-05 1.415523320420028906e-07
-2.442815249266862260e-05 1.504379154832700915e-07
-2.436950146627565609e-05 1.602984057198950329e-07
-2.431085043988269974e-05 1.711264263671939476e-07
-2.425219941348973323e-05 1.829134961651679480e-07
-2.419354838709677349e-05 1.956500361964591342e-07
-2.413489736070381037e-05 2.093253784738731628e-07
-2.407624633431085064e-05 2.239277758891469452e-07
-2.401759530791788412e-05 2.394444135126820430e-07
-2.395894428152492778e-05 2.558614212319918778e-07
-2.390029325513196126e-05 2.731638877147079883e-07
-2.384164222873900153e-05 2.913358756800081934e-07
-2.378299120234603841e-05 3.103604384604537624e-07
-2.372434017595307528e-05 3.302196378342982387e-07
-2.366568914956011555e-05 3.508945631064671936e-07
-2.360703812316715242e-05 3.723653514145378869e-07
-2.354838709677419269e-05 3.946112092342411939e-07
-2.348973607038122956e-05 4.176104350571906405e-07
-2.343108504398826644e-05 4.413404432118058549e-07
-2.337243401759530670e-05 4.657777887966537590e-07
-2.331378299120234358e-05 4.908981936937614270e-07
-2.325513196480938046e-05 5.166765736278075867e-07
-2.319648093841642072e-05 5.430870662355136190e-07
-2.313782991202345760e-05 5.701030601080071156e-07
-2.307917888563049786e-05 5.976972247674510259e-07
-2.302052785923753474e-05 6.258415415377817767e-07
-2.296187683284457162e-05 6.545073352680509578e-07
-2.290322580645161188e-05 6.836653068655245758e-07
-2.284457478005864876e-05 7.132855665944702343e-07
-2.278592375366568902e-05 7.433376680953585412e-07
-2.272727272727272590e-05 7.737906430781176654e-07
-2.266862170087976277e-05 8.046130366420186327e-07
-2.260997067448680304e-05 8.357729431738105328e-07
-2.255131964809383992e-05 8.672380427748391314e-07
-2.249266862170087679e-05 8.989756381670648871e-07
-2.243401759530791706e-05 9.309526920271631615e-07
-2.237536656891495393e-05 9.631358646972468295e-07
-2.231671554252199420e-05 9.954915522201729739e-07
-2.225806451612903107e-05 1.027985924646926410e-06
-2.219941348973606795e-05 1.060584964563164618e-06
-2.214076246334310821e-05 1.093254505781708505e-06
-2.208211143695014509e-05 1.125960272147534491e-06
-2.202346041055718536e-05 1.158667916401700818e-06
-2.196480938416422223e-05 1.191343059050584971e-06
-2.190615835777125911e-05 1.223951327186874944e-06
-2.184750733137829937e-05 1.256458393208868276e-06
-2.178885630498533625e-05 1.288830013384888570e-06
-2.173020527859237313e-05 1.321032066209921229e-06
-2.167155425219941339e-05 1.353030590501999379e-06
-2.161290322580645027e-05 1.384791823186342110e-06
-2.155425219941349053e-05 1.416282236715858710e-06
-2.149560117302052402e-05 1.447468576077280162e-06
-2.143695014662756428e-05 1.478317895332961140e-06
-2.137829912023460116e-05 1.508797593649208523e-06
-2.131964809384164142e-05 1.538875450762963324e-06
-2.126099706744867491e-05 1.568519661839633010e-06
-2.120234604105571857e-05 1.597698871675976126e-06
-2.114369501466275205e-05 1.626382208203119822e-06
-2.108504398826979571e-05 1.654539315246035114e-06
-2.102639296187682919e-05 1.682140384497080984e-06
-2.096774193548386946e-05 1.709156186662674924e-06
-2.090909090909090634e-05 1.735558101743559090e-06
-2.085043988269794660e-05 1.761318148410684299e-06
-2.079178885630498348e-05 1.786409012440309149e-06
-2.073313782991202374e-05 1.810804074173570442e-06
-2.067448680351905723e-05 1.834477434967479188e-06
-2.061583577712610088e-05 1.857403942606057052e-06
-2.055718475073313437e-05 1.879559215642141330e-06
-2.049853372434017802e-05 1.900919666642236538e-06
-2.043988269794721151e-05 1.921462524308688610e-06
-2.038123167155425178e-05 1.941165854455398959e-06
-2.032258064516128865e-05 1.960008579815254991e-06
-2.026392961876832892e-05 1.977970498659478971e-06
-2.020527859237536240e-05 1.995032302211085300e-06
-2.014662756598240606e-05 2.011175590836739463e-06
-2.008797653958943955e-05 2.026382889003332507e-06
-2.002932551319648320e-05 2.040637658987694642e-06
-1.997067448680351669e-05 2.053924313329968818e-06
-1.991202346041055695e-05 2.066228226023229366e-06
-1.985337243401759383e-05 2.077535742434085188e-06
-1.979472140762463409e-05 2.087834187951054281e-06
-1.973607038123166758e-05 2.097111875359599144e-06
-1.967741935483870784e-05 2.105358110944815781e-06
-1.961876832844574472e-05 2.112563199324789195e-06
-1.956011730205278499e-05 2.118718447019704356e-06
-1.950146627565982186e-05 2.123816164763789596e-06
-1.944281524926685874e-05 2.127849668569192957e-06
-1.938416422287389900e-05 2.130813279552797832e-06
-1.932551319648093588e-05 2.132702322538961650e-06
-1.926686217008797614e-05 2.133513123452986706e-06
-1.920821114369501302e-05 2.133243005522013069e-06
-1.914956011730204990e-05 2.131890284301764578e-06
-1.909090909090909016e-05 2.129454261549367463e-06
-1.903225806451612704e-05 2.125935217964083164e-06
-1.897360703812316391e-05 2.121334404819483828e-06
-1.891495601173020418e-05 2.115654034512096894e-06
-1.885630498533724105e-05 2.108897270053104613e-06
-1.879765395894428132e-05 2.101068213531068359e-06
-1.873900293255131820e-05 2.092171893575040991e-06
-1.868035190615835507e-05 2.082214251848696385e-06
-1.862170087976539534e-05 2.071202128607363130e-06
-1.856304985337243221e-05 2.059143247350933136e-06
-1.850439882697947248e-05 2.046046198606729336e-06
-1.844574780058650935e-05 2.031920422877384833e-06
-1.838709677419354623e-05 2.016776192789668000e-06
-1.832844574780058649e-05 2.000624594481049511e-06
-1.826979472140762337e-05 1.983477508261511983e-06
-1.821114369501466025e-05 1.965347588588762747e-06
-1.815249266862170051e-05 1.946248243395612118e-06
-1.809384164222873739e-05 1.926193612808698345e-06
-1.803519061583577765e-05 1.905198547298228135e-06
-1.797653958944281453e-05 1.883278585298625451e-06
-1.791788856304985141e-05 1.860449930340289634e-06
-1.785923753665689167e-05 1.836729427732754487e-06
-1.780058651026392855e-05 1.812134540839636992e-06
-1.774193548387096881e-05 1.786683326985725331e-06
-1.768328445747800230e-05 1.760394413036465691e-06
-1.762463343108504256e-05 1.733286970689921198e-06
-1.756598240469207944e-05 1.705380691521016061e-06
-1.750733137829911970e-05 1.676695761817542384e-06
-1.744868035190615319e-05 1.647252837246998835e-06
-1.739002932551319685e-05 1.617073017392840539e-06
-1.733137829912023033e-05 1.586177820198164800e-06
-1.727272727272727399e-05 1.554589156354237604e-06
-1.721407624633430747e-05 1.522329303670574504e-06
-1.715542521994134774e-05 1.489420881462533695e-06
-1.709677419354838462e-05 1.455886824991576541e-06
-1.703812316715542488e-05 1.421750359992465025e-06
-1.697947214076245837e-05 1.387034977320762220e-06
-1.692082111436950202e-05 1.351764407753009829e-06
-1.686217008797653551e-05 1.315962596970943312e-06
-1.680351906158357916e-05 1.279653680760035367e-06
-1.674486803519061265e-05 1.242861960451562439e-06
-1.668621700879765291e-05 1.205611878636219407e-06
-1.662756598240468979e-05 1.167927995176163460e-06
-1.656891495601173006e-05 1.129834963541129808e-06
-1.651026392961876693e-05 1.091357507493048094e-06
-1.645161290322580720e-05 1.052520398142323312e-06
-1.639296187683284068e-05 1.013348431397668129e-06
-1.633431085043988434e-05 9.738664058300888011e-07
-1.627565982404691783e-05 9.340991009703199667e-07
-1.621700879765396148e-05 8.940712560576905288e-07
-1.615835777126099497e-05 8.538075492571010187e-07
-1.609970674486803523e-05 8.133325773594558172e-07
-1.604105571847507211e-05 7.726708359796044109e-07
-1.598240469208211237e-05 7.318467002645249209e-07
-1.592375366568914586e-05 6.908844061231841055e-07
-1.586510263929618612e-05 6.498080319882426811e-07
-1.580645161290322300e-05 6.086414811184784174e-07
-1.574780058651026327e-05 5.674084644495806932e-07
-1.568914956011730014e-05 5.261324839997154214e-07
-1.563049853372433702e-05 4.848368168350806075e-07
-1.557184750733137728e-05 4.435444995994806612e-07
-1.551319648093841416e-05 4.022783136108117053e-07
-1.545454545454545104e-05 3.610607705262390368e-07
-1.539589442815249130e-05 3.199140985767641626e-07
-1.533724340175952818e-05 2.788602293708421223e-07
-1.527859237536656844e-05 2.379207852657089063e-07
-1.521994134897360532e-05 1.971170673041169713e-07
-1.516129032258064389e-05 1.564700437132519759e-07
-1.510263929618768246e-05 1.160003389617418696e-07
-1.504398826979471933e-05 7.572822336981851867e-08
-1.498533724340175791e-05 3.567360326693041756e-08
-1.492668621700879648e-05 -4.143988309654524704e-09
-1.486803519061583505e-05 -4.370540038239217210e-08
-1.480938416422287192e-05 -8.299187227493799273e-08
-1.475073313782991049e-05 -1.219850413359347293e-07
-1.469208211143694906e-05 -1.606669501540343403e-07
-1.463343108504398763e-05 -1.990200532735759173e-07
-1.457478005865102451e-05 -2.370272234207884820e-07
-1.451612903225806308e-05 -2.746717572507882227e-07
-1.445747800586510165e-05 -3.119373806259906450e-07
-1.439882697947214022e-05 -3.488082534368654749e-07
-1.434017595307917710e-05 -3.852689739762191715e-07
-1.428152492668621567e-05 -4.213045828784042869e-07
-1.422287390029325424e-05 -4.569005666350249517e-07
-1.416422287390029281e-05 -4.920428606988319890e-07
-1.410557184750733138e-05 -5.267178521875857539e-07
-1.404692082111436826e-05 -5.609123821997129217e-07
-1.398826979472140683e-05 -5.946137477535796851e-07
-1.392961876832844540e-05 -6.278097033621823840e-07
-1.387096774193548397e-05 -6.604884622549840616e-07
-1.381231671554252084e-05 -6.926386972585187157e-07
-1.375366568914955941e-05 -7.242495413472679634e-07
-1.369501466275659798e-05 -7.553105878761393984e-07
-1.363636363636363656e-05 -7.858118905056873455e-07
-1.357771260997067343e-05 -8.157439628310138567e-07
-1.351906158357771200e-05 -8.450977777250341035e-07
-1.346041055718475057e-05 -8.738647664065403403e-07
-1.340175953079178914e-05 -9.020368172432201545e-07
-1.334310850439882771e-05 -9.296062742994821114e-07
-1.328445747800586459e-05 -9.565659356386461860e-07
-1.322580645161290316e-05 -9.829090513887180872e-07
-1.316715542521994173e-05 -1.008629321580647780e-06
-1.310850439882698030e-05 -1.033720893767625969e-06
-1.304985337243401379e-05 -1.058178360433628720e-06
-1.299120234604105236e-05 -1.081996756199073137e-06
-1.293255131964809093e-05 -1.105171554831083279e-06
-1.287390029325512950e-05 -1.127698666065540284e-06
-1.281524926686216638e-05 -1.149574432247708194e-06
-1.275659824046920495e-05 -1.170795624797916560e-06
-1.269794721407624352e-05 -1.191359440508408209e-06
-1.263929618768328209e-05 -1.211263497677163442e-06
-1.258064516129031896e-05 -1.230505832084154093e-06
-1.252199413489735754e-05 -1.249084892815202372e-06
-1.246334310850439611e-05 -1.266999537938287212e-06
-1.240469208211143468e-05 -1.284249030036887547e-06
-1.234604105571847325e-05 -1.300833031604642153e-06
-1.228739002932551012e-05 -1.316751600305384404e-06
-1.222873900293254869e-05 -1.332005184102340083e-06
-1.217008797653958726e-05 -1.346594616260072684e-06
-1.211143695014662583e-05 -1.360521110222541879e-06
-1.205278592375366271e-05 -1.373786254370462339e-06
-1.199413489736070128e-05 -1.386392006660972406e-06
-1.193548387096773985e-05 -1.398340689152483001e-06
-1.187683284457477842e-05 -1.409634982417436124e-06
-1.181818181818181530e-05 -1.420277919845604457e-06
-1.175953079178885387e-05 -1.430272881840457937e-06
-1.170087976539589244e-05 -1.439623589911064686e-06
-1.164222873900293101e-05 -1.448334100661936974e-06
-1.158357771260996958e-05 -1.456408799683196434e-06
-1.152492668621700646e-05 -1.463852395343416460e-06
-1.146627565982404503e-05 -1.470669912487517725e-06
-1.140762463343108360e-05 -1.476866686042084684e-06
-1.134897360703812217e-05 -1.482448354530536600e-06
-1.129032258064515904e-05 -1.487420853500617950e-06
-1.123167155425219761e-05 -1.491790408866746359e-06
-1.117302052785923619e-05 -1.495563530169838550e-06
-1.111436950146627476e-05 -1.498747003757320384e-06
-1.105571847507331163e-05 -1.501347885886140337e-06
-1.099706744868035020e-05 -1.503373495751707827e-06
-1.093841642228738877e-05 -1.504831408445813750e-06
-1.087976539589442734e-05 -1.505729447846707081e-06
-1.082111436950146422e-05 -1.506075679444655497e-06
-1.076246334310850279e-05 -1.505878403106441931e-06
-1.070381231671554136e-05 -1.505146145782410044e-06
-1.064516129032257993e-05 -1.503887654159807816e-06
-1.058651026392961850e-05 -1.502111887266337028e-06
-1.052785923753665538e-05 -1.499828009027962127e-06
-1.046920821114369395e-05 -1.497045380785169576e-06
-1.041055718475073252e-05 -1.493773553772037165e-06
-1.035190615835777109e-05 -1.490022261562573337e-06
-1.029325513196480797e-05 -1.485801412488966567e-06
-1.023460410557184654e-05 -1.481121082036470405e-06
-1.017595307917888511e-05 -1.475991505219795233e-06
-1.011730205278592368e-05 -1.470423068945974409e-06
-1.005865102639296055e-05 -1.464426304368778694e-06
-9.999999999999999124e-06 -1.458011879239830448e-06
-9.941348973607037694e-06 -1.451190590261657301e-06
-9.882697947214076265e-06 -1.443973355447978864e-06
-9.824046920821114835e-06 -1.436371206496569119e-06
-9.765395894428151712e-06 -1.428395281180069980e-06
-9.706744868035190282e-06 -1.420056815760156496e-06
-9.648093841642228853e-06 -1.411367137430445900e-06
-9.589442815249267423e-06 -1.402337656793537010e-06
-9.530791788856304299e-06 -1.392979860377528982e-06
-9.472140762463342870e-06 -1.383305303197329267e-06
-9.413489736070381440e-06 -1.373325601365989444e-06
-9.354838709677416623e-06 -1.363052424761223770e-06
-9.296187683284453499e-06 -1.352497489752176763e-06
-9.237536656891492070e-06 -1.341672551991381614e-06
-9.178885630498530640e-06 -1.330589399276716766e-06
-9.120234604105569210e-06 -1.319259844488034165e-06
-9.061583577712606087e-06 -1.307695718602949096e-06
-9.002932551319644657e-06 -1.295908863796119934e-06
-8.944281524926683228e-06 -1.283911126626132282e-06
-8.885630498533721798e-06 -1.271714351313916873e-06
-8.826979472140760369e-06 -1.259330373116390709e-06
-8.768328445747797245e-06 -1.246771011798786005e-06
-8.709677419354835815e-06 -1.234048065208882915e-06
-8.651026392961874386e-06 -1.221173302956115951e-06
-8.592375366568912956e-06 -1.208158460198243627e-06
-8.533724340175949833e-06 -1.195015231538022068e-06
-8.475073313782988403e-06 -1.181755265032019425e-06
-8.416422287390026974e-06 -1.168390156313444521e-06
-8.357771260997065544e-06 -1.154931442830567126e-06
-8.299120234604102420e-06 -1.141390598202012253e-06
-8.240469208211140991e-06 -1.127779026689931806e-06
-8.181818181818179561e-06 -1.114108057791749179e-06
-8.123167155425218132e-06 -1.100388940950896539e-06
-8.064516129032256702e-06 -1.086632840386670767e-06
-8.005865102639293579e-06 -1.072850830043041842e-06
-7.947214076246332149e-06 -1.059053888655998396e-06
-7.888563049853370720e-06 -1.045252894938709211e-06
-7.829912023460409290e-06 -1.031458622883546238e-06
-7.771260997067446166e-06 -1.017681737179749648e-06
-7.712609970674484737e-06 -1.003932788745284775e-06
-7.653958944281523307e-06 -9.902222103711964713e-07
-7.595307917888561031e-06 -9.765603124765811004e-07
-7.536656891495599601e-06 -9.629572789720657710e-07
-7.478005865102637325e-06 -9.494231632295306026e-07
-7.419354838709675895e-06 -9.359678841556235468e-07
-7.360703812316713618e-06 -9.226012223664838943e-07
-7.302052785923752189e-06 -9.093328164609533726e-07
-7.243401759530790759e-06 -8.961721593894551683e-07
-7.184750733137828483e-06 -8.831285949156198810e-07
-7.126099706744867053e-06 -8.702113141676881815e-07
-7.067448680351904777e-06 -8.574293522766567374e-07
-7.008797653958943347e-06 -8.447915850981251822e-07
-6.950146627565981071e-06 -8.323067260147909968e-07
-6.891495601173019641e-06 -8.199833228165700902e-07
-6.832844574780057364e-06 -8.078297546553550649e-07
-6.774193548387095935e-06 -7.958542290714970560e-07
-6.715542521994133658e-06 -7.840647790891814181e-07
-6.656891495601172229e-06 -7.724692603779863320e-07
-6.598240469208209952e-06 -7.610753484780296571e-07
-6.539589442815248523e-06 -7.498905360862823616e-07
-6.480938416422287093e-06 -7.389221304017890719e-07
-6.422287390029324816e-06 -7.281772505277317313e-07
-6.363636363636363387e-06 -7.176628249284854973e-07
-6.304985337243401110e-06 -7.073855889400512665e-07
-6.246334310850439681e-06 -6.973520823324959173e-07
-6.187683284457477404e-06 -6.875686469232765737e-07
-6.129032258064515975e-06 -6.780414242406417751e-07
-6.070381231671553698e-06 -6.687763532365529451e-07
-6.011730205278592269e-06 -6.597791680488966134e-07
-5.953079178885629992e-06 -6.510553958130634113e-07
-5.894428152492668562e-06 -6.426103545232949121e-07
-5.835777126099706286e-06 -6.344491509445213644e-07
-5.777126099706744856e-06 -6.265766785757548265e-07
-5.718475073313782580e-06 -6.189976156664378481e-07
-5.659824046920821150e-06 -6.117164232874831633e-07
-5.601173020527859721e-06 -6.047373434590849198e-07
-5.542521994134894056e-06 -5.980643973377207829e-07
-5.483870967741931779e-06 -5.917013834650825230e-07
-5.425219941348970350e-06 -5.856518760820268648e-07
-5.366568914956008920e-06 -5.799192235109368462e-07
-5.307917888563046644e-06 -5.745065466102022091e-07
-5.249266862170085214e-06 -5.694167373048303708e-07
-5.190615835777122937e-06 -5.646524571974820088e-07
-5.131964809384161508e-06 -5.602161362644982492e-07
-5.073313782991199231e-06 -5.561099716417412995e-07
-5.014662756598237802e-06 -5.523359265053080658e-07
-4.956011730205275525e-06 -5.488957290523858280e-07
-4.897360703812314096e-06 -5.457908715877290061e-07
-4.838709677419351819e-06 -5.430226097213898924e-07
-4.780058651026390390e-06 -5.405919616834934557e-07
-4.721407624633428113e-06 -5.384997077619667059e-07
-4.662756598240466683e-06 -5.367463898692227909e-07
-4.604105571847504407e-06 -5.353323112438727321e-07
-4.545454545454542977e-06 -5.342575362935632260e-07
-4.486803519061581548e-06 -5.335218905850590529e-07
-4.428152492668619271e-06 -5.331249609876496725e-07
-4.369501466275657842e-06 -5.330660959759136333e-07
-4.310850439882695565e-06 -5.333444060977873911e-07
-4.252199413489734135e-06 -5.339587646137448415e-07
-4.193548387096771859e-06 -5.349078083127757099e-07
-4.134897360703810429e-06 -5.361899385106282792e-07
-4.076246334310848153e-06 -5.378033222355873300e-07
-4.017595307917886723e-06 -5.397458936067964339e-07
-3.958944281524924447e-06 -5.420153554098563375e-07
-3.900293255131963017e-06 -5.446091808741108909e-07
-3.841642228739000740e-06 -5.475246156556889264e-07
-3.782991202346039311e-06 -5.507586800299995967e-07
-3.724340175953077458e-06 -5.543081712969590851e-07
-3.665689149560115605e-06 -5.581696664018169527e-07
-3.607038123167153752e-06 -5.623395247739705442e-07
-3.548387096774191899e-06 -5.668138913856757109e-07
-3.489736070381230046e-06 -5.715887000320619383e-07
-3.431085043988268193e-06 -5.766596768333183913e-07
-3.372434017595306339e-06 -5.820223439593755050e-07
-3.313782991202344910e-06 -5.876720235768209142e-07
-3.255131964809383057e-06 -5.936038420172215385e-07
-3.196480938416421204e-06 -5.998127341654060399e-07
-3.137829912023459351e-06 -6.062934480656562488e-07
-3.079178885630497498e-06 -6.130405497431283903e-07
-3.020527859237535645e-06 -6.200484282371915777e-07
-2.961876832844573792e-06 -6.273113008427410589e-07
-2.903225806451611938e-06 -6.348232185548914851e-07
-2.844574780058650085e-06 -6.425780717118219957e-07
-2.785923753665688232e-06 -6.505695958299053006e-07
-2.727272727272726379e-06 -6.587913776246159693e-07
-2.668621700879764526e-06 -6.672368612100842150e-07
-2.609970674486802673e-06 -6.758993544695454582e-07
-2.551319648093841244e-06 -6.847720355883327601e-07
-2.492668621700879391e-06 -6.938479597404650228e-07
-2.434017595307917537e-06 -7.031200659193052226e-07
-2.375366568914955684e-06 -7.125811839022173510e-07
-2.316715542521993831e-06 -7.222240413386239851e-07
-2.258064516129031978e-06 -7.320412709503353223e-07
-2.199413489736070125e-06 -7.420254178325680923e-07
-2.140762463343108272e-06 -7.521689468436050905e-07
-2.082111436950146419e-06 -7.624642500706359016e-07
-2.023460410557184566e-06 -7.729036543589150302e-07
-1.964809384164222713e-06 -7.834794288910512525e-07
-1.906158357771261072e-06 -7.941837928028967333e-07
-1.847507331378295619e-06 -8.050089228222501269e-07
-1.788856304985333766e-06 -8.159469609163474346e-07
-1.730205278592371913e-06 -8.269900219339051682e-07
-1.671554252199410059e-06 -8.381302012273567086e-07
-1.612903225806448418e-06 -8.493595822407918752e-07
-1.554252199413486565e-06 -8.606702440490540356e-07
-1.495601173020524712e-06 -8.720542688334435750e-07
-1.436950146627562859e-06 -8.835037492794782405e-07
-1.378299120234601006e-06 -8.950107958822762848e-07
-1.319648093841639153e-06 -9.065675441452103874e-07
-1.260997067448677300e-06 -9.181661616576762100e-07
-1.202346041055715658e-06 -9.297988550380279181e-07
-1.143695014662753805e-06 -9.414578767279945224e-07
-1.085043988269791952e-06 -9.531355316252000594e-07
-1.026392961876830099e-06 -9.648241835407644812e-07
-9.677419354838682462e-07 -9.765162614693605449e-07
-9.090909090909064990e-07 -9.882042656595483794e-07
-8.504398826979446460e-07 -9.998807734726805710e-07
-7.917888563049827929e-07 -1.011538445019213448e-06
-7.331378299120210457e-07 -1.023170028561806373e-06
-6.744868035190591927e-07 -1.034768365675202724e-06
-6.158357771260973396e-07 -1.046326396153525862e-06
-5.571847507331354865e-07 -1.057837162656284916e-06
-4.985337243401737393e-07 -1.069293815085089737e-06
-4.398826979472118863e-07 -1.080689614683822510e-06
-3.812316715542500862e-07 -1.092017937855741122e-06
-3.225806451612882331e-07 -1.103272279691807609e-06
-2.639296187683264330e-07 -1.114446257205309197e-06
-2.052785923753646064e-07 -1.125533612268688824e-06
-1.466275659824027798e-07 -1.136528214249325531e-06
-8.797653958944095318e-08 -1.147424062341858532e-06
-2.932551319647913320e-08 -1.158215287595534526e-06
2.932551319648268677e-08 -1.168896154635896608e-06
8.797653958944451337e-08 -1.179461063081036482e-06
1.466275659824063267e-07 -1.189904548653496310e-06
2.052785923753681533e-07 -1.200221283989785083e-06
2.639296187683299799e-07 -1.210406079150343916e-06
3.225806451612917800e-07 -1.220453881833657764e-06
3.812316715542536331e-07 -1.230359777299071239e-06
4.398826979472154332e-07 -1.240118988003685280e-06
4.985337243401772334e-07 -1.249726872959563753e-06
5.571847507331390864e-07 -1.259178926818236102e-06
6.158357771261009395e-07 -1.268470778690313527e-06
6.744868035190626867e-07 -1.277598190708744499e-06
7.331378299120245397e-07 -1.286557056344986953e-06
7.917888563049863928e-07 -1.295343398488055933e-06
8.504398826979482459e-07 -1.303953367297081412e-06
9.090909090909099931e-07 -1.312383237838612162e-06
9.677419354838718461e-07 -1.320629407520521182e-06
1.026392961876833699e-06 -1.328688393334885926e-06
1.085043988269795552e-06 -1.336556828922748514e-06
1.143695014662757405e-06 -1.344231461474097330e-06
1.202346041055719047e-06 -1.351709148476865843e-06
1.260997067448680900e-06 -1.358986854329069327e-06
1.319648093841642753e-06 -1.366061646828565227e-06
1.378299120234604606e-06 -1.372930693555168977e-06
1.436950146627566459e-06 -1.379591258160103989e-06
1.495601173020528312e-06 -1.386040696577904718e-06
1.554252199413490165e-06 -1.392276453176057937e-06
1.612903225806451806e-06 -1.398296056857701017e-06
1.671554252199413659e-06 -1.404097117132731602e-06
1.730205278592375512e-06 -1.409677320172650858e-06
1.788856304985337366e-06 -1.415034424864376311e-06
1.847507331378299219e-06 -1.420166258878119449e-06
1.906158357771261072e-06 -1.425070714764251978e-06
1.964809384164226525e-06 -1.429745746093831109e-06
2.023460410557184566e-06 -1.434189363657193831e-06
2.082111436950149807e-06 -1.438399631734671804e-06
2.140762463343108272e-06 -1.442374664453132288e-06
2.199413489736073513e-06 -1.446112622241596090e-06
2.258064516129031978e-06 -1.449611708398755765e-06
2.316715542521997219e-06 -1.452870165784671604e-06
2.375366568914955684e-06 -1.455886273648421908e-06
2.434017595307920926e-06 -1.458658344602858536e-06
2.492668621700879391e-06 -1.461184721757042934e-06
2.551319648093844632e-06 -1.463463776016260004e-06
2.609970674486802673e-06 -1.465493903558847562e-06
2.668621700879768338e-06 -1.467273523498358509e-06
2.727272727272726379e-06 -1.468801075738863669e-06
2.785923753665692044e-06 -1.470075019030425241e-06
2.844574780058650085e-06 -1.471093829231028599e-06
2.903225806451615327e-06 -1.471855997780448306e-06
2.961876832844573792e-06 -1.472360030390740467e-06
3.020527859237539033e-06 -1.472604445957244873e-06
3.079178885630497498e-06 -1.472587775693152374e-06
3.137829912023462739e-06 -1.472308562489878333e-06
3.196480938416421204e-06 -1.471765360504666842e-06
3.255131964809386445e-06 -1.470956734976022455e-06
3.313782991202344910e-06 -1.469881262266759583e-06
3.372434017595310151e-06 -1.468537530133638698e-06
3.431085043988268193e-06 -1.466924138221790903e-06
3.489736070381233857e-06 -1.465039698781308866e-06
3.548387096774191899e-06 -1.462882837602672944e-06
3.607038123167157563e-06 -1.460452195166863532e-06
3.665689149560115605e-06 -1.457746428005366907e-06
3.724340175953080846e-06 -1.454764210264515482e-06
3.782991202346039311e-06 -1.451504235467966437e-06
3.841642228739004976e-06 -1.447965218470469607e-06
3.900293255131969793e-06 -1.444145897595464814e-06
3.958944281524928682e-06 -1.440045036948465434e-06
4.017595307917893499e-06 -1.435661428897652825e-06
4.076246334310851541e-06 -1.430993896712580683e-06
4.134897360703817206e-06 -1.426041297351445798e-06
4.193548387096775247e-06 -1.420802524386924929e-06
4.252199413489740912e-06 -1.415276511060226214e-06
4.310850439882698953e-06 -1.409462233452620443e-06
4.369501466275664618e-06 -1.403358713763448190e-06
4.428152492668622659e-06 -1.396965023683333659e-06
4.486803519061588324e-06 -1.390280287851116296e-06
4.545454545454546365e-06 -1.383303687382845644e-06
4.604105571847512030e-06 -1.376034463461092771e-06
4.662756598240470072e-06 -1.368471920972703097e-06
4.721407624633435736e-06 -1.360615432183141245e-06
4.780058651026393778e-06 -1.352464440435546818e-06
4.838709677419359442e-06 -1.344018463862721397e-06
4.897360703812317484e-06 -1.335277099100328288e-06
4.956011730205283149e-06 -1.326240024989774970e-06
5.014662756598241190e-06 -1.316907006259394572e-06
5.073313782991206855e-06 -1.307277897172813076e-06
5.131964809384164896e-06 -1.297352645133623808e-06
5.190615835777129714e-06 -1.287131294235822172e-06
5.249266862170088602e-06 -1.276613988749774409e-06
5.307917888563053420e-06 -1.265800976533903037e-06
5.366568914956012308e-06 -1.254692612362646058e-06
5.425219941348977126e-06 -1.243289361161723441e-06
5.483870967741936014e-06 -1.231591801142184857e-06
5.542521994134900832e-06 -1.219600626825241843e-06
5.601173020527859721e-06 -1.207316651950379452e-06
5.659824046920824538e-06 -1.194740812259802155e-06
5.718475073313782580e-06 -1.181874168152834138e-06
5.777126099706748244e-06 -1.168717907204466319e-06
5.835777126099706286e-06 -1.155273346542835102e-06
5.894428152492671951e-06 -1.141541935081036881e-06
5.953079178885629992e-06 -1.127525255599284100e-06
6.011730205278595657e-06 -1.113225026674034864e-06
6.070381231671553698e-06 -1.098643104451356785e-06
6.129032258064519363e-06 -1.083781484262409395e-06
6.187683284457477404e-06 -1.068642302079544392e-06
6.246334310850443069e-06 -1.053227835812167162e-06
6.304985337243401110e-06 -1.037540506442083007e-06
6.363636363636366775e-06 -1.021582878998690627e-06
6.422287390029324816e-06 -1.005357663374936583e-06
6.480938416422290481e-06 -9.888677149855625976e-07
6.539589442815248523e-06 -9.721160352697022939e-07
6.598240469208214187e-06 -9.551057720404394139e-07
6.656891495601172229e-06 -9.378402196844608939e-07
6.715542521994137893e-06 -9.203228192154127409e-07
6.774193548387095935e-06 -9.025571581850642754e-07
6.832844574780060753e-06 -8.845469704567915110e-07
6.891495601173019641e-06 -8.662961358463289872e-07
6.950146627565984459e-06 -8.478086796351008489e-07
7.008797653958943347e-06 -8.290887719617925278e-07
7.067448680351908165e-06 -8.101407270981392660e-07
7.126099706744867053e-06 -7.909690026151677638e-07
7.184750733137831871e-06 -7.715781984463857866e-07
7.243401759530790759e-06 -7.519730558545957279e-07
7.302052785923755577e-06 -7.321584563091845193e-07
7.360703812316713618e-06 -7.121394202808446627e-07
7.419354838709679283e-06 -6.919211059607855572e-07
7.478005865102637325e-06 -6.715088079115191762e-07
7.536656891495602989e-06 -6.509079556563065814e-07
7.595307917888568654e-06 -6.301241122143196852e-07
7.653958944281526695e-06 -6.091629725884881750e-07
7.712609970674491513e-06 -5.880303622128756270e-07
7.771260997067449555e-06 -5.667322353662808172e-07
7.829912023460416066e-06 -5.452746735585500647e-07
7.888563049853374108e-06 -5.236638838958601836e-07
7.947214076246338925e-06 -5.019061974309488117e-07
8.005865102639296967e-06 -4.800080675039697780e-07
8.064516129032263479e-06 -4.579760680792885897e-07
8.123167155425221520e-06 -4.358168920831863607e-07
8.181818181818186338e-06 -4.135373497469952340e-07
8.240469208211144379e-06 -3.911443669597835701e-07
8.299120234604110891e-06 -3.686449836342115462e-07
8.357771260997068932e-06 -3.460463520887126261e-07
8.416422287390033750e-06 -3.233557354486207753e-07
8.475073313782991791e-06 -3.005805060683316746e-07
8.533724340175958303e-06 -2.777281439760253975e-07
8.592375366568916344e-06 -2.548062353419118281e-07
8.651026392961881162e-06 -2.318224709703536723e-07
8.709677419354839204e-06 -2.087846448156399794e-07
8.768328445747804021e-06 -1.857006525205524998e-07
8.826979472140763757e-06 -1.625784899762706291e-07
8.885630498533728574e-06 -1.394262519015142433e-07
8.944281524926686616e-06 -1.162521304382308349e-07
9.002932551319651434e-06 -9.306441376047816560e-08
9.061583577712611169e-06 -6.987148469257078463e-08
9.120234604105575987e-06 -4.668181933192226074e-08
9.178885630498534028e-06 -2.350398567143751993e-08
9.237536656891498846e-06 -3.466422157003739251e-10
9.296187683284456887e-06 2.278146341534023598e-08
9.354838709677423399e-06 4.587149590206451562e-08
9.413489736070381440e-06 6.891453366763566247e-08
9.472140762463346258e-06 9.190157035512721865e-08
9.530791788856304299e-06 1.148235163476951011e-07
9.589442815249270811e-06 1.376712003406268088e-07
9.648093841642228853e-06 1.604353709745184062e-07
9.706744868035193670e-06 1.831066985392150492e-07
9.765395894428151712e-06 2.056757767584927815e-07
9.824046920821118223e-06 2.281331246657759121e-07
9.882697947214076265e-06 2.504691885814584835e-07
9.941348973607041083e-06 2.726743442026069995e-07
9.999999999999999124e-06 2.947388988160285010e-07
1.005865102639296564e-05 3.166530936458042992e-07
1.011730205278592368e-05 3.384071063464886289e-07
1.017595307917888849e-05 3.599910536532163946e-07
1.023460410557184654e-05 3.813949941999406578e-07
1.029325513196481305e-05 4.026089315169752468e-07
1.035190615835777109e-05 4.236228172188954742e-07
1.041055718475073591e-05 4.444265543936905476e-07
1.046920821114369395e-05 4.650100012038371121e-07
1.052785923753665877e-05 4.853629747097010486e-07
1.058651026392961850e-05 5.054752549253401769e-07
1.064516129032258332e-05 5.253365891164116876e-07
1.070381231671554136e-05 5.449366963494455470e-07
1.076246334310850618e-05 5.642652723012692488e-07
1.082111436950146422e-05 5.833119943368335376e-07
1.087976539589443073e-05 6.020665268630883923e-07
1.093841642228738877e-05 6.205185269659394328e-07
1.099706744868035359e-05 6.386576503366092270e-07
1.105571847507331163e-05 6.564735574930050320e-07
1.111436950146627814e-05 6.739559203009028471e-07
1.117302052785923619e-05 6.910944287989492675e-07
1.123167155425220100e-05 7.078787983305863620e-07
1.129032258064516751e-05 7.242987769851278000e-07
1.134897360703812556e-05 7.403441533492420613e-07
1.140762463343109037e-05 7.560047645691322004e-07
1.146627565982404842e-05 7.712705047226740835e-07
1.152492668621701323e-05 7.861313334997419517e-07
1.158357771260997297e-05 8.005772851878682921e-07
1.164222873900293779e-05 8.145984779592835363e-07
1.170087976539589583e-05 8.281851234542821896e-07
1.175953079178886065e-05 8.413275366546963677e-07
1.181818181818182038e-05 8.540161460401314838e-07
1.187683284457478520e-05 8.662415040184483340e-07
1.193548387096774324e-05 8.779942976207973944e-07
1.199413489736070806e-05 8.892653594503539923e-07
1.205278592375366610e-05 9.000456788727209764e-07
1.211143695014663261e-05 9.103264134347916312e-07
1.217008797653959065e-05 9.200989004977201799e-07
1.222873900293255547e-05 9.293546690684745039e-07
1.228739002932551351e-05 9.380854518133372557e-07
1.234604105571848002e-05 9.462831972355805923e-07
1.240469208211143806e-05 9.539400819984706925e-07
1.246334310850440288e-05 9.610485233736774078e-07
1.252199413489736092e-05 9.676011917941412864e-07
1.258064516129032744e-05 9.735910234894451011e-07
1.263929618768328548e-05 9.790112331807869559e-07
1.269794721407625029e-05 9.838553268117213704e-07
1.275659824046920834e-05 9.881171142899818848e-07
1.281524926686217485e-05 9.917907222148581533e-07
1.287390029325513289e-05 9.948706065638542576e-07
1.293255131964809771e-05 9.973515653116231365e-07
1.299120234604105575e-05 9.992287509535426817e-07
1.304985337243402057e-05 1.000497682905690668e-06
1.310850439882698030e-05 1.001154259752471068e-06
1.316715542521994512e-05 1.001194771312679912e-06
1.322580645161290316e-05 1.000615910494421717e-06
1.328445747800586798e-05 9.994147849089882889e-07
1.334310850439882771e-05 9.975889282135582385e-07
1.340175953079179253e-05 9.951363111524459338e-07
1.346041055718475057e-05 9.920553522665483825e-07
1.351906158357771539e-05 9.883449282406351290e-07
1.357771260997067343e-05 9.840043838582403985e-07
1.363636363636363994e-05 9.790335415340693938e-07
1.369501466275659798e-05 9.734327103941165282e-07
1.375366568914956280e-05 9.672026948740218095e-07
1.381231671554252084e-05 9.603448028066343833e-07
1.387096774193548736e-05 9.528608529702749614e-07
1.392961876832844540e-05 9.447531820697976733e-07
1.398826979472141021e-05 9.360246511232363821e-07
1.404692082111436826e-05 9.266786512276194718e-07
1.410557184750733477e-05 9.167191086783808650e-07
1.416422287390029281e-05 9.061504894177680562e-07
1.422287390029325763e-05 8.949778027886568710e-07
1.428152492668621567e-05 8.832066045713186357e-07
1.434017595307918218e-05 8.708429992818619734e-07
1.439882697947214022e-05 8.578936417123464372e-07
1.445747800586510504e-05 8.443657376939161025e-07
1.451612903225806308e-05 8.302670440657075287e-07
1.457478005865102959e-05 8.156058678337824652e-07
1.463343108504398763e-05 8.003910645058783351e-07
1.469208211143695245e-05 7.846320355893953056e-07
1.475073313782991049e-05 7.683387252417052890e-07
1.480938416422287531e-05 7.515216160636002972e-07
1.486803519061583505e-05 7.341917240284784575e-07
1.492668621700879986e-05 7.163605925416985541e-07
1.498533724340175791e-05 6.980402856263990200e-07
1.504398826979472272e-05 6.792433802339918110e-07
1.510263929618768923e-05 6.599829576794856388e-07
1.516129032258064728e-05 6.402725942037590049e-07
1.521994134897361209e-05 6.201263506669091438e-07
1.527859237536657183e-05 5.995587613788101363e-07
1.533724340175953495e-05 5.785848220750434716e-07
1.539589442815249469e-05 5.572199770484038884e-07
1.545454545454546120e-05 5.354801054482141925e-07
1.551319648093841755e-05 5.133815067617297072e-07
1.557184750733138406e-05 4.909408854939267309e-07
1.563049853372434041e-05 4.681753350639960583e-07
1.568914956011730692e-05 4.451023209388442053e-07
1.574780058651026665e-05 4.217396630258841738e-07
1.580645161290322978e-05 3.981055173493232164e-07
1.586510263929618951e-05 3.742183570360669219e-07
1.592375366568915264e-05 3.500969526392096544e-07
1.598240469208211237e-05 3.257603518288971011e-07
1.604105571847507888e-05 3.012278584821041182e-07
1.609970674486803523e-05 2.765190112045686240e-07
1.615835777126100174e-05 2.516535613197653737e-07
1.621700879765396148e-05 2.266514503613650608e-07
1.627565982404692460e-05 2.015327871071243135e-07
1.633431085043988434e-05 1.763178241935695024e-07
1.639296187683284746e-05 1.510269343521671481e-07
1.645161290322580720e-05 1.256805863089280890e-07
1.651026392961877371e-05 1.002993203905455439e-07
1.656891495601173006e-05 7.490372388122842962e-08
1.662756598240469657e-05 4.951440617535654551e-08
1.668621700879765291e-05 2.415197377194268716e-08
1.674486803519061943e-05 -1.162994842356030399e-09
1.680351906158357916e-05 -2.640997437429193929e-08
1.686217008797654229e-05 -5.156851792121894320e-08
1.692082111436950202e-05 -7.661828213608187359e-08
1.697947214076246853e-05 -1.015390523115454912e-07
1.703812316715542488e-05 -1.263107673344263163e-07
1.709677419354839139e-05 -1.509135444615118413e-07
1.715542521994134774e-05 -1.753277038679058786e-07
1.721407624633431425e-05 -1.995337929192060886e-07
1.727272727272727399e-05 -2.235126101191141794e-07
1.733137829912023711e-05 -2.472452286844846724e-07
1.739002932551319685e-05 -2.707130197003638055e-07
1.744868035190615997e-05 -2.938976748082111883e-07
1.750733137829911970e-05 -3.167812283812801975e-07
1.756598240469208622e-05 -3.393460791420215333e-07
1.762463343108504256e-05 -3.615750111773839924e-07
1.768328445747800908e-05 -3.834512143090141552e-07
1.774193548387096881e-05 -4.049583037765880554e-07
1.780058651026393193e-05 -4.260803391938637922e-07
1.785923753665689167e-05 -4.468018427384886021e-07
1.791788856304985479e-05 -4.671078165381687065e-07
1.797653958944281453e-05 -4.869837592174503124e-07
1.803519061583578104e-05 -5.064156815711404006e-07
1.809384164222873739e-05 -5.253901213322239347e-07
1.815249266862170390e-05 -5.438941570040910369e-07
1.821114369501466025e-05 -5.619154207288980042e-07
1.826979472140762676e-05 -5.794421101659969478e-07
1.832844574780058649e-05 -5.964629993565350753e-07
1.838709677419354962e-05 -6.129674485525823475e-07
1.844574780058650935e-05 -6.289454129914365109e-07
1.850439882697947587e-05 -6.443874505981383801e-07
1.856304985337243221e-05 -6.592847286016264951e-07
1.862170087976539872e-05 -6.736290290524410297e-07
1.868035190615835507e-05 -6.874127532323715975e-07
1.873900293255132158e-05 -7.006289249489833239e-07
1.879765395894428132e-05 -7.132711927105181459e-07
1.885630498533724444e-05 -7.253338307792337507e-07
1.891495601173021095e-05 -7.368117391038450746e-07
1.897360703812316730e-05 -7.477004421343339928e-07
1.903225806451613381e-05 -7.579960865249646314e-07
1.909090909090909355e-05 -7.676954377339630916e-07
1.914956011730205667e-05 -7.767958755308695215e-07
1.920821114369501641e-05 -7.852953884251326355e-07
1.926686217008798292e-05 -7.931925670320416865e-07
1.932551319648093927e-05 -8.004865963945790522e-07
1.938416422287390578e-05 -8.071772472822264264e-07
1.944281524926686213e-05 -8.132648664901533369e-07
1.950146627565982864e-05 -8.187503661645743196e-07
1.956011730205278837e-05 -8.236352121823355725e-07
1.961876832844575150e-05 -8.279214116150179187e-07
1.967741935483871123e-05 -8.316114993099825114e-07
1.973607038123167774e-05 -8.347085236228666608e-07
1.979472140762463409e-05 -8.372160313380072575e-07
1.985337243401760060e-05 -8.391380518151719148e-07
1.991202346041055695e-05 -8.404790804027812830e-07
1.997067448680352346e-05 -8.412440611594926462e-07
2.002932551319648320e-05 -8.414383689276356019e-07
2.008797653958944632e-05 -8.410677908034550380e-07
2.014662756598240606e-05 -8.401385070505109452e-07
2.020527859237536918e-05 -8.386570715038402206e-07
2.026392961876832892e-05 -8.366303915136200106e-07
2.032258064516129543e-05 -8.340657074781042480e-07
2.038123167155425178e-05 -8.309705720164898713e-07
2.043988269794721829e-05 -8.273528288331324965e-07
2.049853372434017802e-05 -8.232205913251786571e-07
2.055718475073314115e-05 -8.185822209861749119e-07
2.061583577712610088e-05 -8.134463056586002623e-07
2.067448680351906401e-05 -8.078216376884798665e-07
2.073313782991202374e-05 -8.017171920353768471e-07
2.079178885630499025e-05 -7.951421043910038227e-07
2.085043988269794660e-05 -7.881056493595276611e-07
2.090909090909091311e-05 -7.806172187523616410e-07
2.096774193548386946e-05 -7.726863000497860465e-07
2.102639296187683597e-05 -7.643224550811754714e-07
2.108504398826979571e-05 -7.555352989749294607e-07
2.114369501466275883e-05 -7.463344794283495196e-07
2.120234604105571857e-05 -7.367296563467873353e-07
2.126099706744868508e-05 -7.267304819002813502e-07
2.131964809384164142e-05 -7.163465810447236747e-07
2.137829912023460794e-05 -7.055875325532684228e-07
2.143695014662756428e-05 -6.944628506022802374e-07
2.149560117302053080e-05 -6.829819669545571922e-07
2.155425219941349053e-05 -6.711542137809459089e-07
2.161290322580645365e-05 -6.589888071596829824e-07
2.167155425219941339e-05 -6.464948312909897670e-07
2.173020527859237651e-05 -6.336812234624702846e-07
2.178885630498533625e-05 -6.205567597988655604e-07
2.184750733137830276e-05 -6.071300418275966124e-07
2.190615835777125911e-05 -5.934094838893480615e-07
2.196480938416422562e-05 -5.794033014206863482e-07
2.202346041055718536e-05 -5.651195001333950963e-07
2.208211143695014848e-05 -5.505658661128273546e-07
2.214076246334310821e-05 -5.357499568551466384e-07
2.219941348973607134e-05 -5.206790932608557801e-07
2.225806451612903107e-05 -5.053603525994977592e-07
2.231671554252199758e-05 -4.898005624578622624e-07
2.237536656891495393e-05 -4.740062956814697178e-07
2.243401759530792044e-05 -4.579838663164996017e-07
2.249266862170087679e-05 -4.417393265567341897e-07
2.255131964809384330e-05 -4.252784646974776806e-07
2.260997067448680981e-05 -4.086068040958025012e-07
2.266862170087976616e-05 -3.917296031338614510e-07
2.272727272727273267e-05 -3.746518561794371461e-07
2.278592375366569241e-05 -3.573782955353194199e-07
2.284457478005865553e-05 -3.399133943665644740e-07
2.290322580645161527e-05 -3.222613705921847366e-07
2.296187683284457839e-05 -3.044261917253614624e-07
2.302052785923753813e-05 -2.864115806438343977e-07
2.307917888563050464e-05 -2.682210222697819563e-07
2.313782991202346099e-05 -2.498577711361686488e-07
2.319648093841642750e-05 -2.313248598143169944e-07
2.325513196480938723e-05 -2.126251081752659211e-07
2.331378299120235036e-05 -1.937611334553940191e-07
2.337243401759531009e-05 -1.747353610947491272e-07
2.343108504398827322e-05 -1.555500363145971536e-07
2.348973607038123295e-05 -1.362072363988589003e-07
2.354838709677419946e-05 -1.167088836423389409e-07
2.360703812316715581e-05 -9.705675892700021850e-08
2.366568914956012232e-05 -7.725251588598270968e-08
2.372434017595307867e-05 -5.729769561360833558e-08
2.378299120234604518e-05 -3.719374187827693762e-08
2.384164222873900492e-05 -1.694201679391784931e-08
2.390029325513196804e-05 3.456183095444982002e-09
2.395894428152492778e-05 2.399961036448457164e-08
2.401759530791789429e-05 4.468704993603445852e-08
2.407624633431085064e-05 6.551730203935852471e-08
2.413489736070381715e-05 8.648916494595682709e-08
2.419354838709677349e-05 1.076014175322015499e-07
2.425219941348974001e-05 1.288528017184691370e-07
2.431085043988269974e-05 1.502420048347378315e-07
2.436950146627566287e-05 1.717676419627586132e-07
2.442815249266862260e-05 1.934282383049536123e-07
2.448680351906158572e-05 2.152222116300922891e-07
2.454545454545454546e-05 2.371478548456116791e-07
2.460410557184751197e-05 2.592033187460890238e-07
2.466275659824046832e-05 2.813865949869469479e-07
2.472140762463343483e-05 3.036954993318942739e-07
2.478005865102639457e-05 3.261276552219393475e-07
2.483870967741935769e-05 3.486804777130011066e-07
2.489736070381231743e-05 3.713511578282644060e-07
2.495601173020528055e-05 3.941366473703924936e-07
2.501466275659824028e-05 4.170336442376165708e-07
2.507331378299120680e-05 4.400385782864955983e-07
2.513196480938416314e-05 4.631475977828351883e-07
2.519061583577712966e-05 4.863565564808405627e-07
2.524926686217008600e-05 5.096610013690992163e-07
2.530791788856305251e-05 5.330561611203931675e-07
2.536656891495601225e-05 5.565369352806899153e-07
2.542521994134897537e-05 5.800978842309194061e-07
2.548387096774193511e-05 6.037332199533361619e-07
2.554252199413490162e-05 6.274367976323903385e-07
2.560117302052785797e-05 6.512021081180908237e-07
2.565982404692082448e-05 6.750222712778398279e-07
2.571847507331378083e-05 6.988900302606875546e-07
2.577712609970674734e-05 7.227977466958392238e-07
2.583577712609970707e-05 7.467373968451195053e-07
2.589442815249267020e-05 7.707005687269223336e-07
2.595307917888562993e-05 7.946784602269693521e-07
2.601173020527859306e-05 8.186618782089577172e-07
2.607038123167155279e-05 8.426412386359460612e-07
2.612903225806451930e-05 8.666065677110236923e-07
2.618768328445747565e-05 8.905475040435721578e-07
2.624633431085044216e-05 9.144533018451021318e-07
2.630498533724340868e-05 9.383128351563969605e-07
2.636363636363636502e-05 9.621146031053874146e-07
2.642228739002933153e-05 9.858467361929461332e-07
2.648093841642228788e-05 1.009497003601499551e-06
2.653958944281525439e-05 1.033052821519159588e-06
2.659824046920821413e-05 1.056501262469831060e-06
2.665689149560117725e-05 1.079829065637620672e-06
2.671554252199413699e-05 1.103022648171669713e-06
2.677419354838710350e-05 1.126068117455493420e-06
2.683284457478005985e-05 1.148951284322780354e-06
2.689149560117302636e-05 1.171657677199657565e-06
2.695014662756598271e-05 1.194172557151396991e-06
2.700879765395894922e-05 1.216480933809689906e-06
2.706744868035190895e-05 1.238567582154708049e-06
2.712609970674487208e-05 1.260417060124433252e-06
2.718475073313783181e-05 1.282013727021966843e-06
2.724340175953079494e-05 1.303341762689907232e-06
2.730205278592375467e-05 1.324385187419272548e-06
2.736070381231672118e-05 1.345127882558956587e-06
2.741935483870967753e-05 1.365553611790238824e-06
2.747800586510264404e-05 1.385646043029548496e-06
2.753665689149560378e-05 1.405388770921357810e-06
2.759530791788856690e-05 1.424765339881928427e-06
2.765395894428152664e-05 1.443759267653479983e-06
2.771260997067448976e-05 1.462354069327359922e-06
2.777126099706744950e-05 1.480533281793802618e-06
2.782991202346041601e-05 1.498280488575063655e-06
2.788856304985337236e-05 1.515579344997897323e-06
2.794721407624633887e-05 1.532413603660700352e-06
2.800586510263929521e-05 1.548767140150026600e-06
2.806451612903226173e-05 1.564623978960699020e-06
2.812316715542522146e-05 1.579968319573306067e-06
2.818181818181818459e-05 1.594784562642562022e-06
2.824046920821114432e-05 1.609057336249766095e-06
2.829912023460411083e-05 1.622771522172442336e-06
2.835777126099706718e-05 1.635912282124187479e-06
2.841642228739003369e-05 1.648465083917765328e-06
2.847507331378299004e-05 1.660415727504603784e-06
2.853372434017595655e-05 1.671750370844040158e-06
2.859237536656891629e-05 1.682455555555924679e-06
2.865102639296187941e-05 1.692518232310568822e-06
2.870967741935483915e-05 1.701925785910425955e-06
2.876832844574780227e-05 1.710666060018442137e-06
2.882697947214076200e-05 1.718727381488566765e-06
2.888563049853372852e-05 1.726098584254602887e-06
2.894428152492668486e-05 1.732769032734282757e-06
2.900293255131965138e-05 1.738728644706281810e-06
2.906158357771261111e-05 1.743967913618738845e-06
2.912023460410557423e-05 1.748477930288782601e-06
2.917888563049853397e-05 1.752250403953570756e-06
2.923753665689149709e-05 1.755277682634406807e-06
2.929618768328445683e-05 1.757552772776594225e-06
2.935483870967742334e-05 1.759069358128888175e-06
2.941348973607037969e-05 1.759821817827593453e-06
2.947214076246334620e-05 1.759805243651659010e-06
2.953079178885630255e-05 1.759015456416420420e-06
2.958944281524926906e-05 1.757449021475007130e-06
2.964809384164222879e-05 1.755103263297839248e-06
2.970674486803519192e-05 1.751976279102087531e-06
2.976539589442815165e-05 1.748066951504431744e-06
2.982404692082111817e-05 1.743374960172003082e-06
2.988269794721407451e-05 1.737900792447883102e-06
2.994134897360704102e-05 1.731645752929174199e-06
2.999999999999999737e-05 1.724611971977194262e-06
