-2.999999999999999737e-05 -3.756429942938717305e-07
-2.994134897360703764e-05 -3.891408064530138282e-07
-2.988269794721407451e-05 -4.024548602365255940e-07
-2.982404692082111478e-05 -4.155745448673083493e-07
-2.976539589442815165e-05 -4.284894359258815066e-07
-2.970674486803518853e-05 -4.411893013987312846e-07
-2.964809384164222879e-05 -4.536641075386466438e-07
-2.958944281524926567e-05 -4.659040245378679814e-07
-2.953079178885630255e-05 -4.778994320151358059e-07
-2.947214076246334281e-05 -4.896409243178764824e-07
-2.941348973607037969e-05 -5.011193156409690284e-07
-2.935483870967741995e-05 -5.123256449636804057e-07
-2.929618768328445683e-05 -5.232511808064844966e-07
-2.923753665689149371e-05 -5.338874258096042567e-07
-2.917888563049853397e-05 -5.442261211351970541e-07
-2.912023460410557085e-05 -5.542592506951841006e-07
-2.906158357771261111e-05 -5.639790452067681821e-07
-2.900293255131964799e-05 -5.733779860777162950e-07
-2.894428152492668486e-05 -5.824488091235038079e-07
-2.888563049853372513e-05 -5.911845081183970724e-07
-2.882697947214076200e-05 -5.995783381825323501e-07
-2.876832844574779888e-05 -6.076238190070077357e-07
-2.870967741935483915e-05 -6.153147379189440857e-07
-2.865102639296187602e-05 -6.226451527883870033e-07
-2.859237536656891629e-05 -6.296093947788459048e-07
-2.853372434017595316e-05 -6.362020709431436952e-07
-2.847507331378299004e-05 -6.424180666661495678e-07
-2.841642228739003030e-05 -6.482525479558183673e-07
-2.835777126099706718e-05 -6.537009635838373473e-07
-2.829912023460410744e-05 -6.587590470770071944e-07
-2.824046920821114432e-05 -6.634228185603456986e-07
-2.818181818181817781e-05 -6.676885864527155765e-07
-2.812316715542522146e-05 -6.715529490156109812e-07
-2.806451612903225495e-05 -6.750127957555549059e-07
-2.800586510263929521e-05 -6.780653086803762067e-07
-2.794721407624633209e-05 -6.807079634094417320e-07
-2.788856304985337236e-05 -6.829385301377333416e-07
-2.782991202346040923e-05 -6.847550744534708111e-07
-2.777126099706744611e-05 -6.861559580087825668e-07
-2.771260997067448298e-05 -6.871398390427590130e-07
-2.765395894428152325e-05 -6.877056727560084891e-07
-2.759530791788856013e-05 -6.878527115356796194e-07
-2.753665689149559700e-05 -6.875805050297390080e-07
-2.747800586510263727e-05 -6.868889000690997950e-07
-2.741935483870967414e-05 -6.857780404360718587e-07
-2.736070381231671441e-05 -6.842483664774172610e-07
-2.730205278592375128e-05 -6.823006145601807057e-07
-2.724340175953078816e-05 -6.799358163683168738e-07
-2.718475073313782842e-05 -6.771552980380184386e-07
-2.712609970674486530e-05 -6.739606791295455458e-07
-2.706744868035190557e-05 -6.703538714332632061e-07
-2.700879765395894244e-05 -6.663370776075035783e-07
-2.695014662756597932e-05 -6.619127896458174994e-07
-2.689149560117301958e-05 -6.570837871711196915e-07
-2.683284457478005646e-05 -6.518531355542036986e-07
-2.677419354838709334e-05 -6.462241838540749730e-07
-2.671554252199413360e-05 -6.402005625775702228e-07
-2.665689149560117048e-05 -6.337861812557166293e-07
-2.659824046920821074e-05 -6.269852258343512441e-07
-2.653958944281524762e-05 -6.198021558765488294e-07
-2.648093841642228449e-05 -6.122417015744853905e-07
-2.642228739002932476e-05 -6.043088605684538000e-07
-2.636363636363636163e-05 -5.960088945708505089e-07
-2.630498533724340190e-05 -5.873473257930828905e-07
-2.624633431085043878e-05 -5.783299331734778397e-07
-2.618768328445747565e-05 -5.689627484044453645e-07
-2.612903225806451592e-05 -5.592520517573245451e-07
-2.607038123167155279e-05 -5.492043677035279174e-07
-2.601173020527858967e-05 -5.388264603308295605e-07
-2.595307917888562993e-05 -5.281253285538522370e-07
-2.589442815249266681e-05 -5.171082011180751109e-07
-2.583577712609970707e-05 -5.057825313969235991e-07
-2.577712609970674395e-05 -4.941559919818065714e-07
-2.571847507331378083e-05 -4.822364690652286954e-07
-2.565982404692082109e-05 -4.700320566174377594e-07
-2.560117302052785797e-05 -4.575510503573670268e-07
-2.554252199413489823e-05 -4.448019415189784228e-07
-2.548387096774193511e-05 -4.317934104144419572e-07
-2.542521994134897199e-05 -4.185343197959560399e-07
-2.536656891495601225e-05 -4.050337080183643876e-07
-2.530791788856304913e-05 -3.913007820051106736e-07
-2.524926686217008600e-05 -3.773449100204411677e-07
-2.519061583577712627e-05 -3.631756142511708106e-07
-2.513196480938416314e-05 -3.488025632017082236e-07
-2.507331378299120341e-05 -3.342355639064434732e-07
-2.501466275659824028e-05 -3.194845539640111601e-07
-2.495601173020527716e-05 -3.045595933983417823e-07
-2.489736070381231743e-05 -2.894708563518311676e-07
-2.483870967741935091e-05 -2.742286226163640302e-07
-2.478005865102639457e-05 -2.588432690083486811e-07
-2.472140762463342805e-05 -2.433252605943182391e-07
-2.466275659824046832e-05 -2.276851417740747426e-07
-2.460410557184750520e-05 -2.119335272287532930e-07
-2.454545454545454546e-05 -1.960810927415755555e-07
-2.448680351906157895e-05 -1.801385658994825570e-07
-2.442815249266862260e-05 -1.641167166841950340e-07
-2.436950146627565609e-05 -1.480263479616573827e-07
-2.431085043988269974e-05 -1.318782858791815397e-07
-2.425219941348973323e-05 -1.156833701799782321e-07
-2.419354838709677349e-05 -9.945244444510770611e-08
-2.413489736070381037e-05 -8.319634627323476028e-08
-2.407624633431085064e-05 -6.692589740889476272e-08
-2.401759530791788412e-05 -5.065189383029621630e-08
-2.395894428152492778e-05 -3.438509580798321997e-08
-2.390029325513196126e-05 -1.813621794597412873e-08
-2.384164222873900153e-05 -1.915919217248597908e-09
-2.378299120234603841e-05 1.426520699427480885e-08
-2.372434017595307528e-05 3.039664283291429356e-08
-2.366568914956011555e-05 4.646795587896488348e-08
-2.360703812316715242e-05 6.246880901223755853e-08
-2.354838709677419269e-05 7.838897021843990903e-08
-2.348973607038122956e-05 9.421832232530080020e-08
-2.343108504398826644e-05 1.099468726552085297e-07
-2.337243401759530670e-05 1.255647625810208572e-07
-2.331378299120234358e-05 1.410622769716234649e-07
-2.325513196480938046e-05 1.564298535137549182e-07
-2.319648093841642072e-05 1.716580918965752163e-07
-2.313782991202345760e-05 1.867377628454542875e-07
-2.307917888563049786e-05 2.016598169914600204e-07
-2.302052785923753474e-05 2.164153935630772935e-07
-2.296187683284457162e-05 2.309958288867531254e-07
-2.290322580645161188e-05 2.453926646829580377e-07
-2.284457478005864876e-05 2.595976561445737961e-07
-2.278592375366568902e-05 2.736027797845756864e-07
-2.272727272727272590e-05 2.874002410401431347e-07
-2.266862170087976277e-05 3.009824816205485522e-07
-2.260997067448680304e-05 3.143421865863984573e-07
-2.255131964809383992e-05 3.274722911480694648e-07
-2.249266862170087679e-05 3.403659871714682919e-07
-2.243401759530791706e-05 3.530167293795584417e-07
-2.237536656891495393e-05 3.654182412384522395e-07
-2.231671554252199420e-05 3.775645205172253024e-07
-2.225806451612903107e-05 3.894498445110249825e-07
-2.219941348973606795e-05 4.010687749174624964e-07
-2.214076246334310821e-05 4.124161623567378624e-07
-2.208211143695014509e-05 4.234871505264304213e-07
-2.202346041055718536e-05 4.342771799823831269e-07
-2.196480938416422223e-05 4.447819915376596284e-07
-2.190615835777125911e-05 4.549976292720944184e-07
-2.184750733137829937e-05 4.649204431455473413e-07
-2.178885630498533625e-05 4.745470912085746172e-07
-2.173020527859237313e-05 4.838745414048595267e-07
-2.167155425219941339e-05 4.929000729603917070e-07
-2.161290322580645027e-05 5.016212773550587294e-07
-2.155425219941349053e-05 5.100360588729973928e-07
-2.149560117302052402e-05 5.181426347287684390e-07
-2.143695014662756428e-05 5.259395347671363133e-07
-2.137829912023460116e-05 5.334256007349859001e-07
-2.131964809384164142e-05 5.405999851246576357e-07
-2.126099706744867491e-05 5.474621495887616631e-07
-2.120234604105571857e-05 5.540118629273037719e-07
-2.114369501466275205e-05 5.602491986487623402e-07
-2.108504398826979571e-05 5.661745321075475836e-07
-2.102639296187682919e-05 5.717885372210886227e-07
-2.096774193548386946e-05 5.770921827706097854e-07
-2.090909090909090634e-05 5.820867282904824672e-07
-2.085043988269794660e-05 5.867737195518437621e-07
-2.079178885630498348e-05 5.911549836470217006e-07
-2.073313782991202374e-05 5.952326236821049413e-07
-2.067448680351905723e-05 5.990090130858243244e-07
-2.061583577712610088e-05 6.024867895437260024e-07
-2.055718475073313437e-05 6.056688485674100600e-07
-2.049853372434017802e-05 6.085583367094258178e-07
-2.043988269794721151e-05 6.111586444351699323e-07
-2.038123167155425178e-05 6.134733986639336382e-07
-2.032258064516128865e-05 6.155064549919758340e-07
-2.026392961876832892e-05 6.172618896112529947e-07
-2.020527859237536240e-05 6.187439909381481905e-07
-2.014662756598240606e-05 6.199572509672312942e-07
-2.008797653958943955e-05 6.209063563657690850e-07
-2.002932551319648320e-05 6.215961793253294901e-07
-1.997067448680351669e-05 6.220317681874655170e-07
-1.991202346041055695e-05 6.222183378610225153e-07
-1.985337243401759383e-05 6.221612600492035336e-07
-1.979472140762463409e-05 6.218660533050133069e-07
-1.973607038123166758e-05 6.213383729342085733e-07
-1.967741935483870784e-05 6.205840007653277457e-07
-1.961876832844574472e-05 6.196088348067742453e-07
-1.956011730205278499e-05 6.184188788112958409e-07
-1.950146627565982186e-05 6.170202317685335267e-07
-1.944281524926685874e-05 6.154190773465887574e-07
-1.938416422287389900e-05 6.136216733037822177e-07
-1.932551319648093588e-05 6.116343408919882137e-07
-1.926686217008797614e-05 6.094634542730387828e-07
-1.920821114369501302e-05 6.071154299698021557e-07
-1.914956011730204990e-05 6.045967163735660403e-07
-1.909090909090909016e-05 6.019137833293538651e-07
-1.903225806451612704e-05 5.990731118207231371e-07
-1.897360703812316391e-05 5.960811837754924696e-07
-1.891495601173020418e-05 5.929444720136599254e-07
-1.885630498533724105e-05 5.896694303585615493e-07
-1.879765395894428132e-05 5.862624839320316091e-07
-1.873900293255131820e-05 5.827300196540011203e-07
-1.868035190615835507e-05 5.790783769665767251e-07
-1.862170087976539534e-05 5.753138388022175264e-07
-1.856304985337243221e-05 5.714426228151184091e-07
-1.850439882697947248e-05 5.674708728943735908e-07
-1.844574780058650935e-05 5.634046509769007889e-07
-1.838709677419354623e-05 5.592499291774500562e-07
-1.832844574780058649e-05 5.550125822523319494e-07
-1.826979472140762337e-05 5.506983804127613002e-07
-1.821114369501466025e-05 5.463129825028957864e-07
-1.815249266862170051e-05 5.418619295568538779e-07
-1.809384164222873739e-05 5.373506387480717743e-07
-1.803519061583577765e-05 5.327843977434708335e-07
-1.797653958944281453e-05 5.281683594739290957e-07
-1.791788856304985141e-05 5.235075373315444381e-07
-1.785923753665689167e-05 5.188068008031753917e-07
-1.780058651026392855e-05 5.140708715486310550e-07
-1.774193548387096881e-05 5.093043199308265664e-07
-1.768328445747800230e-05 5.045115620040738157e-07
-1.762463343108504256e-05 4.996968569655310416e-07
-1.756598240469207944e-05 4.948643050736747385e-07
-1.750733137829911970e-05 4.900178460364512272e-07
-1.744868035190615319e-05 4.851612578705816196e-07
-1.739002932551319685e-05 4.802981562322577715e-07
-1.733137829912023033e-05 4.754319942182555585e-07
-1.727272727272727399e-05 4.705660626352564129e-07
-1.721407624633430747e-05 4.657034907339326631e-07
-1.715542521994134774e-05 4.608472474031276163e-07
-1.709677419354838462e-05 4.560001428182306433e-07
-1.703812316715542488e-05 4.511648305366286933e-07
-1.697947214076245837e-05 4.463438100319189166e-07
-1.692082111436950202e-05 4.415394296573612154e-07
-1.686217008797653551e-05 4.367538900279030313e-07
-1.680351906158357916e-05 4.319892478089295015e-07
-1.674486803519061265e-05 4.272474198988035733e-07
-1.668621700879765291e-05 4.225301879911389296e-07
-1.662756598240468979e-05 4.178392035017129758e-07
-1.656891495601173006e-05 4.131759928438877196e-07
-1.651026392961876693e-05 4.085419630354265223e-07
-1.645161290322580720e-05 4.039384076186642300e-07
-1.639296187683284068e-05 3.993665128750816577e-07
-1.633431085043988434e-05 3.948273643144801616e-07
-1.627565982404691783e-05 3.903219534181919792e-07
-1.621700879765396148e-05 3.858511846149680329e-07
-1.615835777126099497e-05 3.814158824675549616e-07
-1.609970674486803523e-05 3.770167990472993314e-07
-1.604105571847507211e-05 3.726546214735865225e-07
-1.598240469208211237e-05 3.683299795943950938e-07
-1.592375366568914586e-05 3.640434537838347619e-07
-1.586510263929618612e-05 3.597955828321314609e-07
-1.580645161290322300e-05 3.555868719032601076e-07
-1.574780058651026327e-05 3.514178005351561768e-07
-1.568914956011730014e-05 3.472888306572983339e-07
-1.563049853372433702e-05 3.432004146003439938e-07
-1.557184750733137728e-05 3.391530030724990361e-07
-1.551319648093841416e-05 3.351470530773282156e-07
-1.545454545454545104e-05 3.311830357478651120e-07
-1.539589442815249130e-05 3.272614440720474882e-07
-1.533724340175952818e-05 3.233828004848014452e-07
-1.527859237536656844e-05 3.195476643024052370e-07
-1.521994134897360532e-05 3.157566389752055462e-07
-1.516129032258064389e-05 3.120103791352123965e-07
-1.510263929618768246e-05 3.083095974156633200e-07
-1.504398826979471933e-05 3.046550710202580537e-07
-1.498533724340175791e-05 3.010476480204529378e-07
-1.492668621700879648e-05 2.974882533599271308e-07
-1.486803519061583505e-05 2.939778945461880993e-07
-1.480938416422287192e-05 2.905176670100884181e-07
-1.475073313782991049e-05 2.871087591150133955e-07
-1.469208211143694906e-05 2.837524567984280247e-07
-1.463343108504398763e-05 2.804501478295438912e-07
-1.457478005865102451e-05 2.772033256679175720e-07
-1.451612903225806308e-05 2.740135929089456129e-07
-1.445747800586510165e-05 2.708826643033654620e-07
-1.439882697947214022e-05 2.678123693391167126e-07
-1.434017595307917710e-05 2.648046543751223414e-07
-1.428152492668621567e-05 2.618615843178718963e-07
-1.422287390029325424e-05 2.589853438329604075e-07
-1.416422287390029281e-05 2.561782380851011049e-07
-1.410557184750733138e-05 2.534426930014580611e-07
-1.404692082111436826e-05 2.507812550545460359e-07
-1.398826979472140683e-05 2.481965905622946997e-07
-1.392961876832844540e-05 2.456914845043187134e-07
-1.387096774193548397e-05 2.432688388547773173e-07
-1.381231671554252084e-05 2.409316704336655666e-07
-1.375366568914955941e-05 2.386831082797342871e-07
-1.369501466275659798e-05 2.365263905496577799e-07
-1.363636363636363656e-05 2.344648609494287987e-07
-1.357771260997067343e-05 2.325019647053467830e-07
-1.351906158357771200e-05 2.306412440832823891e-07
-1.346041055718475057e-05 2.288863334662662191e-07
-1.340175953079178914e-05 2.272409540017038415e-07
-1.334310850439882771e-05 2.257089078308241047e-07
-1.328445747800586459e-05 2.242940719141646521e-07
-1.322580645161290316e-05 2.230003914681276746e-07
-1.316715542521994173e-05 2.218318730287596934e-07
-1.310850439882698030e-05 2.207925771600495072e-07
-1.304985337243401379e-05 2.198866108250630338e-07
-1.299120234604105236e-05 2.191181194392819259e-07
-1.293255131964809093e-05 2.184912786264381948e-07
-1.287390029325512950e-05 2.180102856980502606e-07
-1.281524926686216638e-05 2.176793508787109461e-07
-1.275659824046920495e-05 2.175026882999383821e-07
-1.269794721407624352e-05 2.174845067861399336e-07
-1.263929618768328209e-05 2.176290004568710126e-07
-1.258064516129031896e-05 2.179403391701546157e-07
-1.252199413489735754e-05 2.184226588321552900e-07
-1.246334310850439611e-05 2.190800515989228622e-07
-1.240469208211143468e-05 2.199165559963096898e-07
-1.234604105571847325e-05 2.209361469844499486e-07
-1.228739002932551012e-05 2.221427259934287363e-07
-1.222873900293254869e-05 2.235401109569049299e-07
-1.217008797653958726e-05 2.251320263705418375e-07
-1.211143695014662583e-05 2.269220934020895760e-07
-1.205278592375366271e-05 2.289138200799064576e-07
-1.199413489736070128e-05 2.311105915865450731e-07
-1.193548387096773985e-05 2.335156606838195406e-07
-1.187683284457477842e-05 2.361321382954776870e-07
-1.181818181818181530e-05 2.389629842732364062e-07
-1.175953079178885387e-05 2.420109983714998114e-07
-1.170087976539589244e-05 2.452788114555951580e-07
-1.164222873900293101e-05 2.487688769677530582e-07
-1.158357771260996958e-05 2.524834626744779960e-07
-1.152492668621700646e-05 2.564246427181884031e-07
-1.146627565982404503e-05 2.605942899953039208e-07
-1.140762463343108360e-05 2.649940688820838908e-07
-1.134897360703812217e-05 2.696254283286854688e-07
-1.129032258064515904e-05 2.744895953409355571e-07
-1.123167155425219761e-05 2.795875688683589041e-07
-1.117302052785923619e-05 2.849201141159346464e-07
-1.111436950146627476e-05 2.904877572960086523e-07
-1.105571847507331163e-05 2.962907808356328751e-07
-1.099706744868035020e-05 3.023292190534514389e-07
-1.093841642228738877e-05 3.086028543190520330e-07
-1.087976539589442734e-05 3.151112137064682798e-07
-1.082111436950146422e-05 3.218535661522409956e-07
-1.076246334310850279e-05 3.288289201271758695e-07
-1.070381231671554136e-05 3.360360218295996880e-07
-1.064516129032257993e-05 3.434733539066082465e-07
-1.058651026392961850e-05 3.511391347084248346e-07
-1.052785923753665538e-05 3.590313180796595538e-07
-1.046920821114369395e-05 3.671475936898567781e-07
-1.041055718475073252e-05 3.754853879043837262e-07
-1.035190615835777109e-05 3.840418651953083065e-07
-1.029325513196480797e-05 3.928139300905732830e-07
-1.023460410557184654e-05 4.017982296583829266e-07
-1.017595307917888511e-05 4.109911565224019727e-07
-1.011730205278592368e-05 4.203888524019920288e-07
-1.005865102639296055e-05 4.299872121704222339e-07
-9.999999999999999124e-06 4.397818884226701861e-07
-9.941348973607037694e-06 4.497682965431736379e-07
-9.882697947214076265e-06 4.599416202626253990e-07
-9.824046920821114835e-06 4.702968176917193089e-07
-9.765395894428151712e-06 4.808286278185322943e-07
-9.706744868035190282e-06 4.915315774551338424e-07
-9.648093841642228853e-06 5.023999886178658623e-07
-9.589442815249267423e-06 5.134279863247029986e-07
-9.530791788856304299e-06 5.246095067920793474e-07
-9.472140762463342870e-06 5.359383060125983076e-07
-9.413489736070381440e-06 5.474079686941322146e-07
-9.354838709677416623e-06 5.590119175399557568e-07
-9.296187683284453499e-06 5.707434228487315259e-07
-9.237536656891492070e-06 5.825956124124466065e-07
-9.178885630498530640e-06 5.945614816896706606e-07
-9.120234604105569210e-06 6.066339042309020286e-07
-9.061583577712606087e-06 6.188056423321753398e-07
-9.002932551319644657e-06 6.310693578926132683e-07
-8.944281524926683228e-06 6.434176234511464041e-07
-8.885630498533721798e-06 6.558429333772651133e-07
-8.826979472140760369e-06 6.683377151903220934e-07
-8.768328445747797245e-06 6.808943409816997755e-07
-8.709677419354835815e-06 6.935051389139374455e-07
-8.651026392961874386e-06 7.061624047708294201e-07
-8.592375366568912956e-06 7.188584135324368968e-07
-8.533724340175949833e-06 7.315854309489943207e-07
-8.475073313782988403e-06 7.443357250877696703e-07
-8.416422287390026974e-06 7.571015778270989000e-07
-8.357771260997065544e-06 7.698752962720179525e-07
-8.299120234604102420e-06 7.826492240662330807e-07
-8.240469208211140991e-06 7.954157525754718623e-07
-8.181818181818179561e-06 8.081673319177179752e-07
-8.123167155425218132e-06 8.208964818162613970e-07
-8.064516129032256702e-06 8.335958022520607710e-07
-8.005865102639293579e-06 8.462579838924815566e-07
-7.947214076246332149e-06 8.588758182741368092e-07
-7.888563049853370720e-06 8.714422077182448025e-07
-7.829912023460409290e-06 8.839501749576879750e-07
-7.771260997067446166e-06 8.963928724557432027e-07
-7.712609970674484737e-06 9.087635913973241462e-07
-7.653958944281523307e-06 9.210557703344600898e-07
-7.595307917888561031e-06 9.332630034686881796e-07
-7.536656891495599601e-06 9.453790485540088871e-07
-7.478005865102637325e-06 9.573978344050832512e-07
-7.419354838709675895e-06 9.693134679963955796e-07
-7.360703812316713618e-06 9.811202411392029439e-07
-7.302052785923752189e-06 9.928126367241978579e-07
-7.243401759530790759e-06 1.004385334518965676e-06
-7.184750733137828483e-06 1.015833216510464489e-06
-7.126099706744867053e-06 1.027151371783965818e-06
-7.067448680351904777e-06 1.038335100931073153e-06
-7.008797653958943347e-06 1.049379919980658709e-06
-6.950146627565981071e-06 1.060281563847788892e-06
-6.891495601173019641e-06 1.071035989296935442e-06
-6.832844574780057364e-06 1.081639377417002743e-06
-6.774193548387095935e-06 1.092088135606943515e-06
-6.715542521994133658e-06 1.102378899071963104e-06
-6.656891495601172229e-06 1.112508531831539516e-06
-6.598240469208209952e-06 1.122474127241706682e-06
-6.539589442815248523e-06 1.132273008035247443e-06
-6.480938416422287093e-06 1.141902725884631747e-06
-6.422287390029324816e-06 1.151361060493711882e-06
-6.363636363636363387e-06 1.160646018225322425e-06
-6.304985337243401110e-06 1.169755830273056821e-06
-6.246334310850439681e-06 1.178688950386599791e-06
-6.187683284457477404e-06 1.187444052161032377e-06
-6.129032258064515975e-06 1.196020025901586710e-06
-6.070381231671553698e-06 1.204415975076288756e-06
-6.011730205278592269e-06 1.212631212369909640e-06
-5.953079178885629992e-06 1.220665255353536601e-06
-5.894428152492668562e-06 1.228517821784969284e-06
-5.835777126099706286e-06 1.236188824555936552e-06
-5.777126099706744856e-06 1.243678366302948247e-06
-5.718475073313782580e-06 1.250986733699276958e-06
-5.659824046920821150e-06 1.258114391446287341e-06
-5.601173020527859721e-06 1.265061975982904858e-06
-5.542521994134894056e-06 1.271830288932625851e-06
-5.483870967741931779e-06 1.278420290307952621e-06
-5.425219941348970350e-06 1.284833091492612168e-06
-5.366568914956008920e-06 1.291069948022293963e-06
-5.307917888563046644e-06 1.297132252185000399e-06
-5.249266862170085214e-06 1.303021525462370196e-06
-5.190615835777122937e-06 1.308739410833553777e-06
-5.131964809384161508e-06 1.314287664963377576e-06
-5.073313782991199231e-06 1.319668150296640173e-06
-5.014662756598237802e-06 1.324882827080404471e-06
-4.956011730205275525e-06 1.329933745336139603e-06
-4.897360703812314096e-06 1.334823036803478976e-06
-4.838709677419351819e-06 1.339552906877212633e-06
-4.780058651026390390e-06 1.344125626558935199e-06
-4.721407624633428113e-06 1.348543524444512729e-06
-4.662756598240466683e-06 1.352808978768207161e-06
-4.604105571847504407e-06 1.356924409523928639e-06
-4.545454545454542977e-06 1.360892270683666002e-06
-4.486803519061581548e-06 1.364715042532647532e-06
-4.428152492668619271e-06 1.368395224140267105e-06
-4.369501466275657842e-06 1.371935325985232590e-06
-4.310850439882695565e-06 1.375337862752743892e-06
-4.252199413489734135e-06 1.378605346320859191e-06
-4.193548387096771859e-06 1.381740278952467836e-06
-4.134897360703810429e-06 1.384745146708546796e-06
-4.076246334310848153e-06 1.387622413097561624e-06
-4.017595307917886723e-06 1.390374512975057462e-06
-3.958944281524924447e-06 1.393003846706602106e-06
-3.900293255131963017e-06 1.395512774606346614e-06
-3.841642228739000740e-06 1.397903611662554955e-06
-3.782991202346039311e-06 1.400178622560477796e-06
-3.724340175953077458e-06 1.402340017011987956e-06
-3.665689149560115605e-06 1.404389945400399148e-06
-3.607038123167153752e-06 1.406330494747865783e-06
-3.548387096774191899e-06 1.408163685011747293e-06
-3.489736070381230046e-06 1.409891465715279197e-06
-3.431085043988268193e-06 1.411515712916861270e-06
-3.372434017595306339e-06 1.413038226521199307e-06
-3.313782991202344910e-06 1.414460727934528186e-06
-3.255131964809383057e-06 1.415784858065053172e-06
-3.196480938416421204e-06 1.417012175668748138e-06
-3.137829912023459351e-06 1.418144156039574762e-06
-3.079178885630497498e-06 1.419182190042202870e-06
-3.020527859237535645e-06 1.420127583484269878e-06
-2.961876832844573792e-06 1.420981556824249497e-06
-2.903225806451611938e-06 1.421745245210019058e-06
-2.844574780058650085e-06 1.422419698842261416e-06
-2.785923753665688232e-06 1.423005883655919050e-06
-2.727272727272726379e-06 1.423504682312024543e-06
-2.668621700879764526e-06 1.423916895491351763e-06
-2.609970674486802673e-06 1.424243243480518944e-06
-2.551319648093841244e-06 1.424484368040350873e-06
-2.492668621700879391e-06 1.424640834545574542e-06
-2.434017595307917537e-06 1.424713134384169348e-06
-2.375366568914955684e-06 1.424701687604043730e-06
-2.316715542521993831e-06 1.424606845794035617e-06
-2.258064516129031978e-06 1.424428895185681870e-06
-2.199413489736070125e-06 1.424168059961601697e-06
-2.140762463343108272e-06 1.423824505755894621e-06
-2.082111436950146419e-06 1.423398343331446347e-06
-2.023460410557184566e-06 1.422889632418678479e-06
-1.964809384164222713e-06 1.422298385699888384e-06
-1.906158357771261072e-06 1.421624572923044687e-06
-1.847507331378295619e-06 1.420868125128643253e-06
-1.788856304985333766e-06 1.420028938973036830e-06
-1.730205278592371913e-06 1.419106881131493787e-06
-1.671554252199410059e-06 1.418101792764148829e-06
-1.612903225806448418e-06 1.417013494027980228e-06
-1.554252199413486565e-06 1.415841788617929625e-06
-1.495601173020524712e-06 1.414586468320363758e-06
-1.436950146627562859e-06 1.413247317562172684e-06
-1.378299120234601006e-06 1.411824117938973613e-06
-1.319648093841639153e-06 1.410316652706077688e-06
-1.260997067448677300e-06 1.408724711216154252e-06
-1.202346041055715658e-06 1.407048093287824873e-06
-1.143695014662753805e-06 1.405286613489755034e-06
-1.085043988269791952e-06 1.403440105325233847e-06
-1.026392961876830099e-06 1.401508425302632390e-06
-9.677419354838682462e-07 1.399491456877636282e-06
-9.090909090909064990e-07 1.397389114253652973e-06
-8.504398826979446460e-07 1.395201346027334400e-06
-7.917888563049827929e-07 1.392928138666770825e-06
-7.331378299120210457e-07 1.390569519810500568e-06
-6.744868035190591927e-07 1.388125561376152265e-06
-6.158357771260973396e-07 1.385596382468207544e-06
-5.571847507331354865e-07 1.382982152075075479e-06
-4.985337243401737393e-07 1.380283091546402860e-06
-4.398826979472118863e-07 1.377499476842289932e-06
-3.812316715542500862e-07 1.374631640546853723e-06
-3.225806451612882331e-07 1.371679973639359546e-06
-2.639296187683264330e-07 1.368644927016948849e-06
-2.052785923753646064e-07 1.365527012763785742e-06
-1.466275659824027798e-07 1.362326805162281138e-06
-8.797653958944095318e-08 1.359044941442858579e-06
-2.932551319647913320e-08 1.355682122269560554e-06
2.932551319648268677e-08 1.352239111959626332e-06
8.797653958944451337e-08 1.348716738435984847e-06
1.466275659824063267e-07 1.345115892912440082e-06
2.052785923753681533e-07 1.341437529312128739e-06
2.639296187683299799e-07 1.337682663420649290e-06
3.225806451612917800e-07 1.333852371776035884e-06
3.812316715542536331e-07 1.329947790298551689e-06
4.398826979472154332e-07 1.325970112664023952e-06
4.985337243401772334e-07 1.321920588425196282e-06
5.571847507331390864e-07 1.317800520886289630e-06
6.158357771261009395e-07 1.313611264736693778e-06
6.744868035190626867e-07 1.309354223450340500e-06
7.331378299120245397e-07 1.305030846458026586e-06
7.917888563049863928e-07 1.300642626100519863e-06
8.504398826979482459e-07 1.296191094370926805e-06
9.090909090909099931e-07 1.291677819455336920e-06
9.677419354838718461e-07 1.287104402081307127e-06
1.026392961876833699e-06 1.282472471684252047e-06
1.085043988269795552e-06 1.277783682402271365e-06
1.143695014662757405e-06 1.273039708910379123e-06
1.202346041055719047e-06 1.268242242105500613e-06
1.260997067448680900e-06 1.263392984653966197e-06
1.319648093841642753e-06 1.258493646413548728e-06
1.378299120234604606e-06 1.253545939742383546e-06
1.436950146627566459e-06 1.248551574707372552e-06
1.495601173020528312e-06 1.243512254204855573e-06
1.554252199413490165e-06 1.238429669006544199e-06
1.612903225806451806e-06 1.233305492743817671e-06
1.671554252199413659e-06 1.228141376843605534e-06
1.730205278592375512e-06 1.222938945429126269e-06
1.788856304985337366e-06 1.217699790198783688e-06
1.847507331378299219e-06 1.212425465296514020e-06
1.906158357771261072e-06 1.207117482186825554e-06
1.964809384164226525e-06 1.201777304547692052e-06
2.023460410557184566e-06 1.196406343194355865e-06
2.082111436950149807e-06 1.191005951046923295e-06
2.140762463343108272e-06 1.185577418154493896e-06
2.199413489736073513e-06 1.180121966788306241e-06
2.258064516129031978e-06 1.174640746616192906e-06
2.316715542521997219e-06 1.169134829970316457e-06
2.375366568914955684e-06 1.163605207219908711e-06
2.434017595307920926e-06 1.158052782260378990e-06
2.492668621700879391e-06 1.152478368129828621e-06
2.551319648093844632e-06 1.146882682763631170e-06
2.609970674486802673e-06 1.141266344897357796e-06
2.668621700879768338e-06 1.135629870127899980e-06
2.727272727272726379e-06 1.129973667142229392e-06
2.785923753665692044e-06 1.124298034122780434e-06
2.844574780058650085e-06 1.118603155337992067e-06
2.903225806451615327e-06 1.112889097926047689e-06
2.961876832844573792e-06 1.107155808879404597e-06
3.020527859237539033e-06 1.101403112237173475e-06
3.079178885630497498e-06 1.095630706491929357e-06
3.137829912023462739e-06 1.089838162217016908e-06
3.196480938416421204e-06 1.084024919919891325e-06
3.255131964809386445e-06 1.078190288126541674e-06
3.313782991202344910e-06 1.072333441701482574e-06
3.372434017595310151e-06 1.066453420407325322e-06
3.431085043988268193e-06 1.060549127707375704e-06
3.489736070381233857e-06 1.054619329814221807e-06
3.548387096774191899e-06 1.048662654986741569e-06
3.607038123167157563e-06 1.042677593077445831e-06
3.665689149560115605e-06 1.036662495331589223e-06
3.724340175953080846e-06 1.030615574438961364e-06
3.782991202346039311e-06 1.024534904838798812e-06
3.841642228739004976e-06 1.018418423277768659e-06
3.900293255131969793e-06 1.012263929620508966e-06
3.958944281524928682e-06 1.006069087911752384e-06
4.017595307917893499e-06 9.998314276886211781e-07
4.076246334310851541e-06 9.935483455412299440e-07
4.134897360703817206e-06 9.872171069193276915e-07
4.193548387096775247e-06 9.808348481823066753e-07
4.252199413489740912e-06 9.743985788894941466e-07
4.310850439882698953e-06 9.679051843272916676e-07
4.369501466275664618e-06 9.613514282693420853e-07
4.428152492668622659e-06 9.547339559655707350e-07
4.486803519061588324e-06 9.480492973556198611e-07
4.545454545454546365e-06 9.412938705018622464e-07
4.604105571847512030e-06 9.344639852369059246e-07
4.662756598240470072e-06 9.275558470201955404e-07
4.721407624633435736e-06 9.205655609980664703e-07
4.780058651026393778e-06 9.134891362613473557e-07
4.838709677419359442e-06 9.063224902943710128e-07
4.897360703812317484e-06 8.990614536090414996e-07
4.956011730205283149e-06 8.917017745573882844e-07
5.014662756598241190e-06 8.842391243158564494e-07
5.073313782991206855e-06 8.766691020344076954e-07
5.131964809384164896e-06 8.689872401433335868e-07
5.190615835777129714e-06 8.611890098105517173e-07
5.249266862170088602e-06 8.532698265420019512e-07
5.307917888563053420e-06 8.452250559176556038e-07
5.366568914956012308e-06 8.370500194555218887e-07
5.425219941348977126e-06 8.287400005959656532e-07
5.483870967741936014e-06 8.202902507985163845e-07
5.542521994134900832e-06 8.116959957433339589e-07
5.601173020527859721e-06 8.029524416293717782e-07
5.659824046920824538e-06 7.940547815612582437e-07
5.718475073313782580e-06 7.849982020168538819e-07
5.777126099706748244e-06 7.757778893874090418e-07
5.835777126099706286e-06 7.663890365822017628e-07
5.894428152492671951e-06 7.568268496895336156e-07
5.953079178885629992e-06 7.470865546859185406e-07
6.011730205278595657e-06 7.371634041853071229e-07
6.070381231671553698e-06 7.270526842201752933e-07
6.129032258064519363e-06 7.167497210463059177e-07
6.187683284457477404e-06 7.062498879630966060e-07
6.246334310850443069e-06 6.955486121412453898e-07
6.304985337243401110e-06 6.846413814496630589e-07
6.363636363636366775e-06 6.735237512735024519e-07
6.422287390029324816e-06 6.621913513151872656e-07
6.480938416422290481e-06 6.506398923703783250e-07
6.539589442815248523e-06 6.388651730708254167e-07
6.598240469208214187e-06 6.268630865860886858e-07
6.656891495601172229e-06 6.146296272761528732e-07
6.715542521994137893e-06 6.021608972869915558e-07
6.774193548387095935e-06 5.894531130811821694e-07
6.832844574780060753e-06 5.765026118957173860e-07
6.891495601173019641e-06 5.633058581192039421e-07
6.950146627565984459e-06 5.498594495806907308e-07
7.008797653958943347e-06 5.361601237424244056e-07
7.067448680351908165e-06 5.222047637888888706e-07
7.126099706744867053e-06 5.079904046045409349e-07
7.184750733137831871e-06 4.935142386327238684e-07
7.243401759530790759e-06 4.787736216083113203e-07
7.302052785923755577e-06 4.637660781567042089e-07
7.360703812316713618e-06 4.484893072518850879e-07
7.419354838709679283e-06 4.329411875263151206e-07
7.478005865102637325e-06 4.171197824255502218e-07
7.536656891495602989e-06 4.010233452005531402e-07
7.595307917888568654e-06 3.846503237307678288e-07
7.653958944281526695e-06 3.679993651711421988e-07
7.712609970674491513e-06 3.510693204163967395e-07
7.771260997067449555e-06 3.338592483759565513e-07
7.829912023460416066e-06 3.163684200531010837e-07
7.888563049853374108e-06 2.985963224220193289e-07
7.947214076246338925e-06 2.805426620966094721e-07
8.005865102639296967e-06 2.622073687850202340e-07
8.064516129032263479e-06 2.435905985240892729e-07
8.123167155425221520e-06 2.246927366880255477e-07
8.181818181818186338e-06 2.055144007658520042e-07
8.240469208211144379e-06 1.860564429023362020e-07
8.299120234604110891e-06 1.663199521973334321e-07
8.357771260997068932e-06 1.463062567586930908e-07
8.416422287390033750e-06 1.260169255041071077e-07
8.475073313782991791e-06 1.054537697075163059e-07
8.533724340175958303e-06 8.461884428595117760e-08
8.592375366568916344e-06 6.351444882294323035e-08
8.651026392961881162e-06 4.214312832491990298e-08
8.709677419354839204e-06 2.050767370728451738e-08
8.768328445747804021e-06 -1.388877992813072938e-09
8.826979472140763757e-06 -2.354324367970673937e-08
8.885630498533728574e-06 -4.595189454080595245e-08
8.944281524926686616e-06 -6.861105666857775238e-08
9.002932551319651434e-06 -9.151671196460547002e-08
9.061583577712611169e-06 -1.146645993270488733e-07
9.120234604105575987e-06 -1.380502161224693552e-07
9.178885630498534028e-06 -1.616688199426014994e-07
9.237536656891498846e-06 -1.855154306462744675e-07
9.296187683284456887e-06 -2.095848326862795733e-07
9.354838709677423399e-06 -2.338715777205882847e-07
9.413489736070381440e-06 -2.583699875069083588e-07
9.472140762463346258e-06 -2.830741570791438978e-07
9.530791788856304299e-06 -3.079779582039040046e-07
9.589442815249270811e-06 -3.330750431147747976e-07
9.648093841642228853e-06 -3.583588485216272320e-07
9.706744868035193670e-06 -3.838225998918022481e-07
9.765395894428151712e-06 -4.094593159995576060e-07
9.824046920821118223e-06 -4.352618137397331495e-07
9.882697947214076265e-06 -4.612227132011292352e-07
9.941348973607041083e-06 -4.873344429946500146e-07
9.999999999999999124e-06 -5.135892458308213680e-07
1.005865102639296564e-05 -5.399791843408455284e-07
1.011730205278592368e-05 -5.664961471349047105e-07
1.017595307917888849e-05 -5.931318550910032317e-07
1.023460410557184654e-05 -6.198778678671932390e-07
1.029325513196481305e-05 -6.467255906296003957e-07
1.035190615835777109e-05 -6.736662809882602083e-07
1.041055718475073591e-05 -7.006910561323452737e-07
1.046920821114369395e-05 -7.277909001559791748e-07
1.052785923753665877e-05 -7.549566715654304113e-07
1.058651026392961850e-05 -7.821791109581031411e-07
1.064516129032258332e-05 -8.094488488633816250e-07
1.070381231671554136e-05 -8.367564137350186050e-07
1.076246334310850618e-05 -8.640922400844365088e-07
1.082111436950146422e-05 -8.914466767439798130e-07
1.087976539589443073e-05 -9.188099952488487922e-07
1.093841642228738877e-05 -9.461723983261716075e-07
1.099706744868035359e-05 -9.735240284793933298e-07
1.105571847507331163e-05 -1.000854976655916444e-06
1.111436950146627814e-05 -1.028155290985705559e-06
1.117302052785923619e-05 -1.055414985578356138e-06
1.123167155425220100e-05 -1.082624049365948421e-06
1.129032258064516751e-05 -1.109772454978860681e-06
1.134897360703812556e-05 -1.136850167641549573e-06
1.140762463343109037e-05 -1.163847154075237631e-06
1.146627565982404842e-05 -1.190753391394316400e-06
1.152492668621701323e-05 -1.217558875983254480e-06
1.158357771260997297e-05 -1.244253632340736401e-06
1.164222873900293779e-05 -1.270827721877760387e-06
1.170087976539589583e-05 -1.297271251656451018e-06
1.175953079178886065e-05 -1.323574383056365864e-06
1.181818181818182038e-05 -1.349727340355170910e-06
1.187683284457478520e-05 -1.375720419210642983e-06
1.193548387096774324e-05 -1.401543995031088943e-06
1.199413489736070806e-05 -1.427188531221429317e-06
1.205278592375366610e-05 -1.452644587292368171e-06
1.211143695014663261e-05 -1.477902826820274488e-06
1.217008797653959065e-05 -1.502954025245647427e-06
1.222873900293255547e-05 -1.527789077498288609e-06
1.228739002932551351e-05 -1.552399005437585315e-06
1.234604105571848002e-05 -1.576774965096628898e-06
1.240469208211143806e-05 -1.600908253719220092e-06
1.246334310850440288e-05 -1.624790316579185367e-06
1.252199413489736092e-05 -1.648412753571785100e-06
1.258064516129032744e-05 -1.671767325567432220e-06
1.263929618768328548e-05 -1.694845960518344269e-06
1.269794721407625029e-05 -1.717640759309201563e-06
1.275659824046920834e-05 -1.740144001343377123e-06
1.281524926686217485e-05 -1.762348149856747684e-06
1.287390029325513289e-05 -1.784245856951647136e-06
1.293255131964809771e-05 -1.805829968344015239e-06
1.299120234604105575e-05 -1.827093527817343351e-06
1.304985337243402057e-05 -1.848029781377581094e-06
1.310850439882698030e-05 -1.868632181103713197e-06
1.316715542521994512e-05 -1.888894388689320711e-06
1.322580645161290316e-05 -1.908810278671017019e-06
1.328445747800586798e-05 -1.928373941340244934e-06
1.334310850439882771e-05 -1.947579685335545427e-06
1.340175953079179253e-05 -1.966422039913018442e-06
1.346041055718475057e-05 -1.984895756893307313e-06
1.351906158357771539e-05 -2.002995812284079370e-06
1.357771260997067343e-05 -2.020717407577601212e-06
1.363636363636363994e-05 -2.038055970723641601e-06
1.369501466275659798e-05 -2.055007156778538405e-06
1.375366568914956280e-05 -2.071566848231953423e-06
1.381231671554252084e-05 -2.087731155013402578e-06
1.387096774193548736e-05 -2.103496414181319444e-06
1.392961876832844540e-05 -2.118859189298003798e-06
1.398826979472141021e-05 -2.133816269494427793e-06
1.404692082111436826e-05 -2.148364668229480490e-06
1.410557184750733477e-05 -2.162501621748804970e-06
1.416422287390029281e-05 -2.176224587248992486e-06
1.422287390029325763e-05 -2.189531240753458456e-06
1.428152492668621567e-05 -2.202419474706862542e-06
1.434017595307918218e-05 -2.214887395295522042e-06
1.439882697947214022e-05 -2.226933319501754861e-06
1.445747800586510504e-05 -2.238555771900616901e-06
1.451612903225806308e-05 -2.249753481207999700e-06
1.457478005865102959e-05 -2.260525376589500138e-06
1.463343108504398763e-05 -2.270870583739966556e-06
1.469208211143695245e-05 -2.280788420744014434e-06
1.475073313782991049e-05 -2.290278393728260067e-06
1.480938416422287531e-05 -2.299340192316357332e-06
1.486803519061583505e-05 -2.307973684898349601e-06
1.492668621700879986e-05 -2.316178913726110106e-06
1.498533724340175791e-05 -2.323956089847037990e-06
1.504398826979472272e-05 -2.331305587888402528e-06
1.510263929618768923e-05 -2.338227940705016901e-06
1.516129032258064728e-05 -2.344723833903156214e-06
1.521994134897361209e-05 -2.350794100253838614e-06
1.527859237536657183e-05 -2.356439714008752674e-06
1.533724340175953495e-05 -2.361661785132287861e-06
1.539589442815249469e-05 -2.366461553463222729e-06
1.545454545454546120e-05 -2.370840382819736863e-06
1.551319648093841755e-05 -2.374799755061456655e-06
1.557184750733138406e-05 -2.378341264122290309e-06
1.563049853372434041e-05 -2.381466610027811679e-06
1.568914956011730692e-05 -2.384177592910912366e-06
1.574780058651026665e-05 -2.386476107039414328e-06
1.580645161290322978e-05 -2.388364134869215464e-06
1.586510263929618951e-05 -2.389843741136458420e-06
1.592375366568915264e-05 -2.390917067002065092e-06
1.598240469208211237e-05 -2.391586324261782358e-06
1.604105571847507888e-05 -2.391853789634731233e-06
1.609970674486803523e-05 -2.391721799143191654e-06
1.615835777126100174e-05 -2.391192742596114478e-06
1.621700879765396148e-05 -2.390269058188580450e-06
1.627565982404692460e-05 -2.388953227229102263e-06
1.633431085043988434e-05 -2.387247769006364763e-06
1.639296187683284746e-05 -2.385155235806608701e-06
1.645161290322580720e-05 -2.382678208092518665e-06
1.651026392961877371e-05 -2.379819289854056597e-06
1.656891495601173006e-05 -2.376581104141257459e-06
1.662756598240469657e-05 -2.372966288788576326e-06
1.668621700879765291e-05 -2.368977492339895035e-06
1.674486803519061943e-05 -2.364617370182822635e-06
1.680351906158357916e-05 -2.359888580900423262e-06
1.686217008797654229e-05 -2.354793782847976105e-06
1.692082111436950202e-05 -2.349335630961860514e-06
1.697947214076246853e-05 -2.343516773807079942e-06
1.703812316715542488e-05 -2.337339850869412381e-06
1.709677419354839139e-05 -2.330807490097557071e-06
1.715542521994134774e-05 -2.323922305700105570e-06
1.721407624633431425e-05 -2.316686896201544810e-06
1.727272727272727399e-05 -2.309103842760872979e-06
1.733137829912023711e-05 -2.301175707755877122e-06
1.739002932551319685e-05 -2.292905033635384021e-06
1.744868035190615997e-05 -2.284294342041294024e-06
1.750733137829911970e-05 -2.275346133201482461e-06
1.756598240469208622e-05 -2.266062885594098043e-06
1.762463343108504256e-05 -2.256447055883103657e-06
1.768328445747800908e-05 -2.246501079124305264e-06
1.774193548387096881e-05 -2.236227369240487416e-06
1.780058651026393193e-05 -2.225628319763630108e-06
1.785923753665689167e-05 -2.214706304841568046e-06
1.791788856304985479e-05 -2.203463680505857096e-06
1.797653958944281453e-05 -2.191902786196978228e-06
1.803519061583578104e-05 -2.180025946542416373e-06
1.809384164222873739e-05 -2.167835473382569264e-06
1.815249266862170390e-05 -2.155333668038858995e-06
1.821114369501466025e-05 -2.142522823817829918e-06
1.826979472140762676e-05 -2.129405228744488394e-06
1.832844574780058649e-05 -2.115983168517587188e-06
1.838709677419354962e-05 -2.102258929679008463e-06
1.844574780058650935e-05 -2.088234802988927491e-06
1.850439882697947587e-05 -2.073913086997912800e-06
1.856304985337243221e-05 -2.059296091806654283e-06
1.862170087976539872e-05 -2.044386143003551704e-06
1.868035190615835507e-05 -2.029185585769965337e-06
1.873900293255132158e-05 -2.013696789142493796e-06
1.879765395894428132e-05 -1.997922150421286715e-06
1.885630498533724444e-05 -1.981864099712972546e-06
1.891495601173021095e-05 -1.965525104596494656e-06
1.897360703812316730e-05 -1.948907674899772798e-06
1.903225806451613381e-05 -1.932014367574828758e-06
1.909090909090909355e-05 -1.914847791658746527e-06
1.914956011730205667e-05 -1.897410613307559458e-06
1.920821114369501641e-05 -1.879705560889962512e-06
1.926686217008798292e-05 -1.861735430127535725e-06
1.932551319648093927e-05 -1.843503089267988194e-06
1.938416422287390578e-05 -1.825011484277799746e-06
1.944281524926686213e-05 -1.806263644040519951e-06
1.950146627565982864e-05 -1.787262685546890928e-06
1.956011730205278837e-05 -1.768011819062897962e-06
1.961876832844575150e-05 -1.748514353261831165e-06
1.967741935483871123e-05 -1.728773700306426414e-06
1.973607038123167774e-05 -1.708793380867178537e-06
1.979472140762463409e-05 -1.688577029062979672e-06
1.985337243401760060e-05 -1.668128397310307719e-06
1.991202346041055695e-05 -1.647451361067297150e-06
1.997067448680352346e-05 -1.626549923459170792e-06
2.002932551319648320e-05 -1.605428219771656857e-06
2.008797653958944632e-05 -1.584090521799219449e-06
2.014662756598240606e-05 -1.562541242035145270e-06
2.020527859237536918e-05 -1.540784937690759629e-06
2.026392961876832892e-05 -1.518826314531335005e-06
2.032258064516129543e-05 -1.496670230516529593e-06
2.038123167155425178e-05 -1.474321699233520053e-06
2.043988269794721829e-05 -1.451785893111348393e-06
2.049853372434017802e-05 -1.429068146405336045e-06
2.055718475073314115e-05 -1.406173957940851645e-06
2.061583577712610088e-05 -1.383108993606097445e-06
2.067448680351906401e-05 -1.359879088584025457e-06
2.073313782991202374e-05 -1.336490249313949084e-06
2.079178885630499025e-05 -1.312948655173891793e-06
2.085043988269794660e-05 -1.289260659875199969e-06
2.090909090909091311e-05 -1.265432792561466310e-06
2.096774193548386946e-05 -1.241471758604332739e-06
2.102639296187683597e-05 -1.217384440089295774e-06
2.108504398826979571e-05 -1.193177895985180244e-06
2.114369501466275883e-05 -1.168859361991545672e-06
2.120234604105571857e-05 -1.144436250058849942e-06
2.126099706744868508e-05 -1.119916147576822540e-06
2.131964809384164142e-05 -1.095306816227081350e-06
2.137829912023460794e-05 -1.070616190496678770e-06
2.143695014662756428e-05 -1.045852375849863041e-06
2.149560117302053080e-05 -1.021023646555996726e-06
2.155425219941349053e-05 -9.961384431722167155e-07
2.161290322580645365e-05 -9.712053696800594687e-07
2.167155425219941339e-05 -9.462331902759320481e-07
2.173020527859237651e-05 -9.212308258159837629e-07
2.178885630498533625e-05 -8.962073499165522977e-07
2.184750733137830276e-05 -8.711719847120647408e-07
2.190615835777125911e-05 -8.461340962728905658e-07
2.196480938416422562e-05 -8.211031896863270683e-07
2.202346041055718536e-05 -7.960889038045374842e-07
2.208211143695014848e-05 -7.711010056639196265e-07
2.214076246334310821e-05 -7.461493845810125456e-07
2.219941348973607134e-05 -7.212440459307085535e-07
2.225806451612903107e-05 -6.963951046131406178e-07
2.231671554252199758e-05 -6.716127782162604639e-07
2.237536656891495393e-05 -6.469073798817033645e-07
2.243401759530792044e-05 -6.222893108821692842e-07
2.249266862170087679e-05 -5.977690529191030507e-07
2.255131964809384330e-05 -5.733571601500490427e-07
2.260997067448680981e-05 -5.490642509555995748e-07
2.266862170087976616e-05 -5.249009994564142466e-07
2.272727272727273267e-05 -5.008781267912869568e-07
2.278592375366569241e-05 -4.770063921677733469e-07
2.284457478005865553e-05 -4.532965836973464051e-07
2.290322580645161527e-05 -4.297595090275453234e-07
2.296187683284457839e-05 -4.064059857840049526e-07
2.302052785923753813e-05 -3.832468318356915331e-07
2.307917888563050464e-05 -3.602928553970606030e-07
2.313782991202346099e-05 -3.375548449812432505e-07
2.319648093841642750e-05 -3.150435592187036293e-07
2.325513196480938723e-05 -2.927697165561512677e-07
2.331378299120235036e-05 -2.707439848507858860e-07
2.337243401759531009e-05 -2.489769708752250264e-07
2.343108504398827322e-05 -2.274792097487198038e-07
2.348973607038123295e-05 -2.062611543104723558e-07
2.354838709677419946e-05 -1.853331644510653421e-07
2.360703812316715581e-05 -1.647054964181733277e-07
2.366568914956012232e-05 -1.443882921128536764e-07
2.372434017595307867e-05 -1.243915683928235608e-07
2.378299120234604518e-05 -1.047252063991864044e-07
2.384164222873900492e-05 -8.539894092313095963e-08
2.390029325513196804e-05 -6.642234982911708162e-08
2.395894428152492778e-05 -4.780484355105032996e-08
2.401759530791789429e-05 -2.955565467789563055e-08
2.407624633431085064e-05 -1.168382764508801566e-08
2.413489736070381715e-05 5.801791452001893019e-09
2.419354838709677349e-05 2.289256490645866314e-08
2.425219941348974001e-05 3.958007329412413204e-08
2.431085043988269974e-05 5.585612519811230855e-08
2.436950146627566287e-05 7.171276674804089477e-08
2.442815249266862260e-05 8.714229095877008615e-08
2.448680351906158572e-05 1.021372468537391079e-07
2.454545454545454546e-05 1.166904483582984094e-07
2.460410557184751197e-05 1.307949829488097148e-07
2.466275659824046832e-05 1.444442200436582455e-07
2.472140762463343483e-05 1.576318191227316034e-07
2.478005865102639457e-05 1.703517375623595877e-07
2.483870967741935769e-05 1.825982381731632812e-07
2.489736070381231743e-05 1.943658964287536533e-07
2.495601173020528055e-05 2.056496073737317902e-07
2.501466275659824028e-05 2.164445921999630706e-07
2.507331378299120680e-05 2.267464044806628955e-07
2.513196480938416314e-05 2.365509360524003875e-07
2.519061583577712966e-05 2.458544225357210170e-07
2.524926686217008600e-05 2.546534484856998435e-07
2.530791788856305251e-05 2.629449521643571755e-07
2.536656891495601225e-05 2.707262299275350333e-07
2.542521994134897537e-05 2.779949402194548443e-07
2.548387096774193511e-05 2.847491071688778245e-07
2.554252199413490162e-05 2.909871237814505013e-07
2.560117302052785797e-05 2.967077547235161346e-07
2.565982404692082448e-05 3.019101386933731296e-07
2.571847507331378083e-05 3.065937903766477368e-07
2.577712609970674734e-05 3.107586019831965297e-07
2.583577712609970707e-05 3.144048443636089089e-07
2.589442815249267020e-05 3.175331677041613181e-07
2.595307917888562993e-05 3.201446017997235309e-07
2.601173020527859306e-05 3.222405559048842988e-07
2.607038123167155279e-05 3.238228181642363554e-07
2.612903225806451930e-05 3.248935546234805915e-07
2.618768328445747565e-05 3.254553078237087041e-07
2.624633431085044216e-05 3.255109949819033700e-07
2.630498533724340868e-05 3.250639057613873328e-07
2.636363636363636502e-05 3.241176996366097247e-07
2.642228739002933153e-05 3.226764028573201619e-07
2.648093841642228788e-05 3.207444050178270161e-07
2.653958944281525439e-05 3.183264552376468697e-07
2.659824046920821413e-05 3.154276579604844182e-07
2.665689149560117725e-05 3.120534683790410752e-07
2.671554252199413699e-05 3.082096874937566886e-07
2.677419354838710350e-05 3.039024568140994363e-07
2.683284457478005985e-05 2.991382527115804436e-07
2.689149560117302636e-05 2.939238804341448513e-07
2.695014662756598271e-05 2.882664677920848300e-07
2.700879765395894922e-05 2.821734585260666354e-07
2.706744868035190895e-05 2.756526053682881618e-07
2.712609970674487208e-05 2.687119628081879622e-07
2.718475073313783181e-05 2.613598795744809227e-07
2.724340175953079494e-05 2.536049908456597383e-07
2.730205278592375467e-05 2.454562102013872632e-07
2.736070381231672118e-05 2.369227213275003694e-07
2.741935483870967753e-05 2.280139694875950582e-07
2.747800586510264404e-05 2.187396527743718870e-07
2.753665689149560378e-05 2.091097131541195396e-07
2.759530791788856690e-05 1.991343273178582819e-07
2.765395894428152664e-05 1.888238973528029810e-07
2.771260997067448976e-05 1.781890412478834755e-07
2.777126099706744950e-05 1.672405832471360812e-07
2.782991202346041601e-05 1.559895440647919285e-07
2.788856304985337236e-05 1.444471309759080487e-07
2.794721407624633887e-05 1.326247277963359611e-07
2.800586510263929521e-05 1.205338847657747889e-07
2.806451612903226173e-05 1.081863083475573306e-07
2.812316715542522146e-05 9.559385095869736758e-08
2.818181818181818459e-05 8.276850064358308883e-08
2.824046920821114432e-05 6.972237070452341198e-08
2.829912023460411083e-05 5.646768930215027422e-08
2.835777126099706718e-05 4.301678903845239362e-08
2.841642228739003369e-05 2.938209653497011321e-08
2.847507331378299004e-05 1.557612201840110504e-08
2.853372434017595655e-05 1.611448925568029602e-09
2.859237536656891629e-05 -1.249927646061491224e-08
2.865102639296187941e-05 -2.674335533287727192e-08
2.870967741935483915e-05 -4.110804662808097345e-08
2.876832844574780227e-05 -5.558057723190932337e-08
2.882697947214076200e-05 -7.014815210954417308e-08
2.888563049853372852e-05 -8.479796435258360973e-08
2.894428152492668486e-05 -9.951720513279607137e-08
2.900293255131965138e-05 -1.142930735537983100e-07
2.906158357771261111e-05 -1.291127863921254499e-07
2.912023460410557423e-05 -1.439635877196361367e-07
2.917888563049853397e-05 -1.588327583996226528e-07
2.923753665689149709e-05 -1.737076254494676563e-07
2.929618768328445683e-05 -1.885755712631193364e-07
2.935483870967742334e-05 -2.034240426871397843e-07
2.941348973607037969e-05 -2.182405599445151272e-07
2.947214076246334620e-05 -2.330127254008857965e-07
2.953079178885630255e-05 -2.477282321682940656e-07
2.958944281524926906e-05 -2.623748725420128666e-07
2.964809384164222879e-05 -2.769405462664234261e-07
2.970674486803519192e-05 -2.914132686263945060e-07
2.976539589442815165e-05 -3.057811783609866096e-07
2.982404692082111817e-05 -3.200325453967596640e-07
2.988269794721407451e-05 -3.341557783983394317e-07
2.994134897360704102e-05 -3.481394321343064410e-07
2.999999999999999737e-05 -3.619722146568342292e-07
