-2.999999999999999737e-05 -9.969198172357757838e-07
-2.994134897360703764e-05 -1.039766792364759713e-06
-2.988269794721407451e-05 -1.082405960884085581e-06
-2.982404692082111478e-05 -1.124809876672005922e-06
-2.976539589442815165e-05 -1.166951281297387966e-06
-2.970674486803518853e-05 -1.208803123712904404e-06
-2.964809384164222879e-05 -1.250338579673062113e-06
-2.958944281524926567e-05 -1.291531070864972776e-06
-2.953079178885630255e-05 -1.332354283740050583e-06
-2.947214076246334281e-05 -1.372782188035163286e-06
-2.941348973607037969e-05 -1.412789054972052836e-06
-2.935483870967741995e-05 -1.452349475124166619e-06
-2.929618768328445683e-05 -1.491438375940351204e-06
-2.923753665689149371e-05 -1.530031038915183845e-06
-2.917888563049853397e-05 -1.568103116396023207e-06
-2.912023460410557085e-05 -1.605630648017201260e-06
-2.906158357771261111e-05 -1.642590076752071823e-06
-2.900293255131964799e-05 -1.678958264573985044e-06
-2.894428152492668486e-05 -1.714712507717557206e-06
-2.888563049853372513e-05 -1.749830551531945723e-06
-2.882697947214076200e-05 -1.784290604918159593e-06
-2.876832844574779888e-05 -1.818071354342776938e-06
-2.870967741935483915e-05 -1.851151977420744480e-06
-2.865102639296187602e-05 -1.883512156060308211e-06
-2.859237536656891629e-05 -1.915132089163419262e-06
-2.853372434017595316e-05 -1.945992504875315378e-06
-2.847507331378299004e-05 -1.976074672377317225e-06
-2.841642228739003030e-05 -2.005360413217193827e-06
-2.835777126099706718e-05 -2.033832112171832419e-06
-2.829912023460410744e-05 -2.061472727637249080e-06
-2.824046920821114432e-05 -2.088265801541336546e-06
-2.818181818181817781e-05 -2.114195468775102159e-06
-2.812316715542522146e-05 -2.139246466138464463e-06
-2.806451612903225495e-05 -2.163404140797058949e-06
-2.800586510263929521e-05 -2.186654458246823211e-06
-2.794721407624633209e-05 -2.208984009783491774e-06
-2.788856304985337236e-05 -2.230380019474492512e-06
-2.782991202346040923e-05 -2.250830350631061878e-06
-2.777126099706744611e-05 -2.270323511778782785e-06
-2.771260997067448298e-05 -2.288848662125063702e-06
-2.765395894428152325e-05 -2.306395616522472618e-06
-2.759530791788856013e-05 -2.322954849927159769e-06
-2.753665689149559700e-05 -2.338517501351979875e-06
-2.747800586510263727e-05 -2.353075377314272844e-06
-2.741935483870967414e-05 -2.366620954778621397e-06
-2.736070381231671441e-05 -2.379147383595259870e-06
-2.730205278592375128e-05 -2.390648488435162069e-06
-2.724340175953078816e-05 -2.401118770223200257e-06
-2.718475073313782842e-05 -2.410553407071121882e-06
-2.712609970674486530e-05 -2.418948254712442970e-06
-2.706744868035190557e-05 -2.426299846441722638e-06
-2.700879765395894244e-05 -2.432605392561023679e-06
-2.695014662756597932e-05 -2.437862779336744052e-06
-2.689149560117301958e-05 -2.442070567470325574e-06
-2.683284457478005646e-05 -2.445227990086735751e-06
-2.677419354838709334e-05 -2.447334950244934183e-06
-2.671554252199413360e-05 -2.448392017974916162e-06
-2.665689149560117048e-05 -2.448400426846248374e-06
-2.659824046920821074e-05 -2.447362070073381757e-06
-2.653958944281524762e-05 -2.445279496163343383e-06
-2.648093841642228449e-05 -2.442155904111786131e-06
-2.642228739002932476e-05 -2.437995138153668438e-06
-2.636363636363636163e-05 -2.432801682075214607e-06
-2.630498533724340190e-05 -2.426580653094111502e-06
-2.624633431085043878e-05 -2.419337795315226123e-06
-2.618768328445747565e-05 -2.411079472769473692e-06
-2.612903225806451592e-05 -2.401812662043760270e-06
-2.607038123167155279e-05 -2.391544944510241504e-06
-2.601173020527858967e-05 -2.380284498163476288e-06
-2.595307917888562993e-05 -2.368040089074309432e-06
-2.589442815249266681e-05 -2.354821062469666905e-06
-2.583577712609970707e-05 -2.340637333447694911e-06
-2.577712609970674395e-05 -2.325499377337987085e-06
-2.571847507331378083e-05 -2.309418219716903263e-06
-2.565982404692082109e-05 -2.292405426088269147e-06
-2.560117302052785797e-05 -2.274473091239991857e-06
-2.554252199413489823e-05 -2.255633828287385095e-06
-2.548387096774193511e-05 -2.235900757414249242e-06
-2.542521994134897199e-05 -2.215287494322965134e-06
-2.536656891495601225e-05 -2.193808138405110180e-06
-2.530791788856304913e-05 -2.171477260644304055e-06
-2.524926686217008600e-05 -2.148309891263183539e-06
-2.519061583577712627e-05 -2.124321507126630916e-06
-2.513196480938416314e-05 -2.099528018913520128e-06
-2.507331378299120341e-05 -2.073945758069440532e-06
-2.501466275659824028e-05 -2.047591463552996623e-06
-2.495601173020527716e-05 -2.020482268388438741e-06
-2.489736070381231743e-05 -1.992635686037484863e-06
-2.483870967741935091e-05 -1.964069596603321029e-06
-2.478005865102639457e-05 -1.934802232879880181e-06
-2.472140762463342805e-05 -1.904852166259542842e-06
-2.466275659824046832e-05 -1.874238292512514627e-06
-2.460410557184750520e-05 -1.842979817451159739e-06
-2.454545454545454546e-05 -1.811096242492625294e-06
-2.448680351906157895e-05 -1.778607350133086861e-06
-2.442815249266862260e-05 -1.745533189346982667e-06
-2.436950146627565609e-05 -1.711894060924559036e-06
-2.431085043988269974e-05 -1.677710502761040284e-06
-2.425219941348973323e-05 -1.643003275110675128e-06
-2.419354838709677349e-05 -1.607793345818859556e-06
-2.413489736070381037e-05 -1.572101875545441653e-06
-2.407624633431085064e-05 -1.535950202992214372e-06
-2.401759530791788412e-05 -1.499359830147497413e-06
-2.395894428152492778e-05 -1.462352407560550111e-06
-2.390029325513196126e-05 -1.424949719658428724e-06
-2.384164222873900153e-05 -1.387173670117709017e-06
-2.378299120234603841e-05 -1.349046267303313960e-06
-2.372434017595307528e-05 -1.310589609786493910e-06
-2.366568914956011555e-05 -1.271825871953746159e-06
-2.360703812316715242e-05 -1.232777289718267175e-06
-2.354838709677419269e-05 -1.193466146345235490e-06
-2.348973607038122956e-05 -1.153914758401970327e-06
-2.343108504398826644e-05 -1.114145461843712267e-06
-2.337243401759530670e-05 -1.074180598245480471e-06
-2.331378299120234358e-05 -1.034042501190120866e-06
-2.325513196480938046e-05 -9.937534828223448415e-07
-2.319648093841642072e-05 -9.533358205782072054e-07
-2.313782991202345760e-05 -9.128117440990986256e-07
-2.307917888563049786e-05 -8.722034223389722230e-07
-2.302052785923753474e-05 -8.315329508731284336e-07
-2.296187683284457162e-05 -7.908223394164918685e-07
-2.290322580645161188e-05 -7.500934995589048987e-07
-2.284457478005864876e-05 -7.093682327245461573e-07
-2.278592375366568902e-05 -6.686682183621751541e-07
-2.272727272727272590e-05 -6.280150023724410847e-07
-2.266862170087976277e-05 -5.874299857780950649e-07
-2.260997067448680304e-05 -5.469344136424715342e-07
-2.255131964809383992e-05 -5.065493642411732182e-07
-2.249266862170087679e-05 -4.662957384914407714e-07
-2.243401759530791706e-05 -4.261942496432302436e-07
-2.237536656891495393e-05 -3.862654132355727939e-07
-2.231671554252199420e-05 -3.465295373213289710e-07
-2.225806451612903107e-05 -3.070067129630022182e-07
-2.219941348973606795e-05 -2.677168050018183366e-07
-2.214076246334310821e-05 -2.286794431018296902e-07
-2.208211143695014509e-05 -1.899140130703545400e-07
-2.202346041055718536e-05 -1.514396484556242949e-07
-2.196480938416422223e-05 -1.132752224220714204e-07
-2.190615835777125911e-05 -7.543933990326437124e-08
-2.184750733137829937e-05 -3.795033003207681180e-08
-2.178885630498533625e-05 -8.262388472625027121e-10
-2.173020527859237313e-05 3.591517772478967624e-08
-2.167155425219941339e-05 7.225646061473930622e-08
-2.161290322580645027e-05 1.081804540834156713e-07
-2.155425219941349053e-05 1.436703119257399951e-07
-2.149560117302052402e-05 1.787095034081617388e-07
-2.143695014662756428e-05 2.132818189426726469e-07
-2.137829912023460116e-05 2.473713755007668139e-07
-2.131964809384164142e-05 2.809626217710441667e-07
-2.126099706744867491e-05 3.140403430644269126e-07
-2.120234604105571857e-05 3.465896659712468724e-07
-2.114369501466275205e-05 3.785960627747116040e-07
-2.108504398826979571e-05 4.100453556255022075e-07
-2.102639296187682919e-05 4.409237204824617627e-07
-2.096774193548386946e-05 4.712176908245616844e-07
-2.090909090909090634e-05 5.009141611394821427e-07
-2.085043988269794660e-05 5.300003901943427561e-07
-2.079178885630498348e-05 5.584640040942277618e-07
-2.073313782991202374e-05 5.862929991343025968e-07
-2.067448680351905723e-05 6.134757444514076058e-07
-2.061583577712610088e-05 6.400009844811041091e-07
-2.055718475073313437e-05 6.658578412262132889e-07
-2.049853372434017802e-05 6.910358163429334009e-07
-2.043988269794721151e-05 7.155247930506453837e-07
-2.038123167155425178e-05 7.393150378715314446e-07
-2.032258064516128865e-05 7.623972022061038807e-07
-2.026392961876832892e-05 7.847623237507340925e-07
-2.020527859237536240e-05 8.064018277631973101e-07
-2.014662756598240606e-05 8.273075281822111806e-07
-2.008797653958943955e-05 8.474716286068359305e-07
-2.002932551319648320e-05 8.668867231415264205e-07
-1.997067448680351669e-05 8.855457971124954372e-07
-1.991202346041055695e-05 9.034422276609374534e-07
-1.985337243401759383e-05 9.205697842184841031e-07
-1.979472140762463409e-05 9.369226288701477405e-07
-1.973607038123166758e-05 9.524953166097942008e-07
-1.967741935483870784e-05 9.672827954930362702e-07
-1.961876832844574472e-05 9.812804066922216883e-07
-1.956011730205278499e-05 9.944838844579997698e-07
-1.950146627565982186e-05 1.006889355991716208e-06
-1.944281524926685874e-05 1.018493341232687739e-06
-1.938416422287389900e-05 1.029292752564145758e-06
-1.932551319648093588e-05 1.039284894441423588e-06
-1.926686217008797614e-05 1.048467462945699920e-06
-1.920821114369501302e-05 1.056838545266374652e-06
-1.914956011730204990e-05 1.064396619114879313e-06
-1.909090909090909016e-05 1.071140552072483930e-06
-1.903225806451612704e-05 1.077069600874393038e-06
-1.897360703812316391e-05 1.082183410632158425e-06
-1.891495601173020418e-05 1.086482013996172760e-06
-1.885630498533724105e-05 1.089965830259755861e-06
-1.879765395894428132e-05 1.092635664406060729e-06
-1.873900293255131820e-05 1.094492706098793765e-06
-1.868035190615835507e-05 1.095538528617449467e-06
-1.862170087976539534e-05 1.095775087737544517e-06
-1.856304985337243221e-05 1.095204720556050325e-06
-1.850439882697947248e-05 1.093830144261993102e-06
-1.844574780058650935e-05 1.091654454851945760e-06
-1.838709677419354623e-05 1.088681125789901723e-06
-1.832844574780058649e-05 1.084914006610784412e-06
-1.826979472140762337e-05 1.080357321466627635e-06
-1.821114369501466025e-05 1.075015667614253529e-06
-1.815249266862170051e-05 1.068894013843050446e-06
-1.809384164222873739e-05 1.061997698841276162e-06
-1.803519061583577765e-05 1.054332429499098086e-06
-1.797653958944281453e-05 1.045904279146421053e-06
-1.791788856304985141e-05 1.036719685723372176e-06
-1.785923753665689167e-05 1.026785449881140112e-06
-1.780058651026392855e-05 1.016108733010743469e-06
-1.774193548387096881e-05 1.004697055197117803e-06
-1.768328445747800230e-05 9.925582930958206456e-07
-1.762463343108504256e-05 9.797006777294973175e-07
-1.756598240469207944e-05 9.661327922011659834e-07
-1.750733137829911970e-05 9.518635693212478639e-07
-1.744868035190615319e-05 9.369022891452184224e-07
-1.739002932551319685e-05 9.212585764186219481e-07
-1.733137829912023033e-05 9.049423979261726801e-07
-1.727272727272727399e-05 8.879640597415662001e-07
-1.721407624633430747e-05 8.703342043745921041e-07
-1.715542521994134774e-05 8.520638078120902578e-07
-1.709677419354838462e-05 8.331641764492727191e-07
-1.703812316715542488e-05 8.136469439078853409e-07
-1.697947214076245837e-05 7.935240677377059387e-07
-1.692082111436950202e-05 7.728078259978331290e-07
-1.686217008797653551e-05 7.515108137142620897e-07
-1.680351906158357916e-05 7.296459392102214657e-07
-1.674486803519061265e-05 7.072264203057946676e-07
-1.668621700879765291e-05 6.842657803833623642e-07
-1.662756598240468979e-05 6.607778443154463780e-07
-1.656891495601173006e-05 6.367767342515765935e-07
-1.651026392961876693e-05 6.122768652608593444e-07
-1.645161290322580720e-05 5.872929408269792147e-07
-1.639296187683284068e-05 5.618399481924362808e-07
-1.633431085043988434e-05 5.359331535488914429e-07
-1.627565982404691783e-05 5.095880970705677752e-07
-1.621700879765396148e-05 4.828205877877524895e-07
-1.615835777126099497e-05 4.556466982975173780e-07
-1.609970674486803523e-05 4.280827593088857133e-07
-1.604105571847507211e-05 4.001453540197727412e-07
-1.598240469208211237e-05 3.718513123231308726e-07
-1.592375366568914586e-05 3.432177048398434986e-07
-1.586510263929618612e-05 3.142618367760350684e-07
-1.580645161290322300e-05 2.850012416025828116e-07
-1.574780058651026327e-05 2.554536745547415319e-07
-1.568914956011730014e-05 2.256371059499321321e-07
-1.563049853372433702e-05 1.955697143218800821e-07
-1.557184750733137728e-05 1.652698793694240841e-07
-1.551319648093841416e-05 1.347561747184777129e-07
-1.545454545454545104e-05 1.040473604957654599e-07
-1.539589442815249130e-05 7.316237571311943450e-08
-1.533724340175952818e-05 4.212033046127657569e-08
-1.527859237536656844e-05 1.094049791229906787e-08
-1.521994134897360532e-05 -2.035769387011138639e-08
-1.516129032258064389e-05 -5.175467031293348008e-08
-1.510263929618768246e-05 -8.323071890914394966e-08
-1.504398826979471933e-05 -1.147659979862046022e-07
-1.498533724340175791e-05 -1.463405456676850668e-07
-1.492668621700879648e-05 -1.779342890278151325e-07
-1.486803519061583505e-05 -2.095270534385298955e-07
-1.480938416422287192e-05 -2.410985721083774584e-07
-1.475073313782991049e-05 -2.726284958124385535e-07
-1.469208211143694906e-05 -3.040964028121845836e-07
-1.463343108504398763e-05 -3.354818089639754585e-07
-1.457478005865102451e-05 -3.667641780146607093e-07
-1.451612903225806308e-05 -3.979229320825146681e-07
-1.445747800586510165e-05 -4.289374623214740238e-07
-1.439882697947214022e-05 -4.597871397664179772e-07
-1.434017595307917710e-05 -4.904513263569390952e-07
-1.428152492668621567e-05 -5.209093861368208283e-07
-1.422287390029325424e-05 -5.511406966261318706e-07
-1.416422287390029281e-05 -5.811246603625946032e-07
-1.410557184750733138e-05 -6.108407166085819882e-07
-1.404692082111436826e-05 -6.402683532198085534e-07
-1.398826979472140683e-05 -6.693871186714856486e-07
-1.392961876832844540e-05 -6.981766342374023592e-07
-1.387096774193548397e-05 -7.266166063170785791e-07
-1.381231671554252084e-05 -7.546868389058256709e-07
-1.375366568914955941e-05 -7.823672462022214923e-07
-1.369501466275659798e-05 -8.096378653471792970e-07
-1.363636363636363656e-05 -8.364788692884543803e-07
-1.357771260997067343e-05 -8.628705797640988191e-07
-1.351906158357771200e-05 -8.887934803980170008e-07
-1.346041055718475057e-05 -9.142282299004505334e-07
-1.340175953079178914e-05 -9.391556753658391229e-07
-1.334310850439882771e-05 -9.635568656601813869e-07
-1.328445747800586459e-05 -9.874130648896374566e-07
-1.322580645161290316e-05 -1.010705765941771219e-06
-1.316715542521994173e-05 -1.033416704090463073e-06
-1.310850439882698030e-05 -1.055527870655163235e-06
-1.304985337243401379e-05 -1.077021526704800626e-06
-1.299120234604105236e-05 -1.097880216796295804e-06
-1.293255131964809093e-05 -1.118086782737265367e-06
-1.287390029325512950e-05 -1.137624377362166447e-06
-1.281524926686216638e-05 -1.156476478310747244e-06
-1.275659824046920495e-05 -1.174626901797348971e-06
-1.269794721407624352e-05 -1.192059816359250300e-06
-1.263929618768328209e-05 -1.208759756571898535e-06
-1.258064516129031896e-05 -1.224711636718554743e-06
-1.252199413489735754e-05 -1.239900764401548671e-06
-1.246334310850439611e-05 -1.254312854082031796e-06
-1.240469208211143468e-05 -1.267934040534804099e-06
-1.234604105571847325e-05 -1.280750892204498778e-06
-1.228739002932551012e-05 -1.292750424449146296e-06
-1.222873900293254869e-05 -1.303920112656832574e-06
-1.217008797653958726e-05 -1.314247905220957732e-06
-1.211143695014662583e-05 -1.323722236359321020e-06
-1.205278592375366271e-05 -1.332332038762079885e-06
-1.199413489736070128e-05 -1.340066756053369845e-06
-1.193548387096773985e-05 -1.346916355051247299e-06
-1.187683284457477842e-05 -1.352871337810399298e-06
-1.181818181818181530e-05 -1.357922753431943611e-06
-1.175953079178885387e-05 -1.362062209624515355e-06
-1.170087976539589244e-05 -1.365281884000722531e-06
-1.164222873900293101e-05 -1.367574535092976156e-06
-1.158357771260996958e-05 -1.368933513072657905e-06
-1.152492668621700646e-05 -1.369352770156530795e-06
-1.146627565982404503e-05 -1.368826870684322349e-06
-1.140762463343108360e-05 -1.367351000851405490e-06
-1.134897360703812217e-05 -1.364920978080562915e-06
-1.129032258064515904e-05 -1.361533260016898264e-06
-1.123167155425219761e-05 -1.357184953130054763e-06
-1.117302052785923619e-05 -1.351873820908029942e-06
-1.111436950146627476e-05 -1.345598291627063494e-06
-1.105571847507331163e-05 -1.338357465682221661e-06
-1.099706744868035020e-05 -1.330151122463576820e-06
-1.093841642228738877e-05 -1.320979726763081685e-06
-1.087976539589442734e-05 -1.310844434697561749e-06
-1.082111436950146422e-05 -1.299747099133535684e-06
-1.076246334310850279e-05 -1.287690274599929772e-06
-1.070381231671554136e-05 -1.274677221675118830e-06
-1.064516129032257993e-05 -1.260711910835136645e-06
-1.058651026392961850e-05 -1.245799025750335198e-06
-1.052785923753665538e-05 -1.229943966018221903e-06
-1.046920821114369395e-05 -1.213152849320713401e-06
-1.041055718475073252e-05 -1.195432512994563016e-06
-1.035190615835777109e-05 -1.176790515004262170e-06
-1.029325513196480797e-05 -1.157235134307307241e-06
-1.023460410557184654e-05 -1.136775370602312932e-06
-1.017595307917888511e-05 -1.115420943451105817e-06
-1.011730205278592368e-05 -1.093182290766570000e-06
-1.005865102639296055e-05 -1.070070566658711147e-06
-9.999999999999999124e-06 -1.046097638632097846e-06
-9.941348973607037694e-06 -1.021276084128590116e-06
-9.882697947214076265e-06 -9.956191864099821340e-07
-9.824046920821114835e-06 -9.691409297759822252e-07
-9.765395894428151712e-06 -9.418559941137244085e-07
-9.706744868035190282e-06 -9.137797487758199820e-07
-9.648093841642228853e-06 -8.849282457847696300e-07
-9.589442815249267423e-06 -8.553182123624005958e-07
-9.530791788856304299e-06 -8.249670427838320321e-07
-9.472140762463342870e-06 -7.938927895563428098e-07
-9.413489736070381440e-06 -7.621141539243712542e-07
-9.354838709677416623e-06 -7.296504757027680971e-07
-9.296187683284453499e-06 -6.965217224412933053e-07
-9.237536656891492070e-06 -6.627484779242507037e-07
-9.178885630498530640e-06 -6.283519300100352211e-07
-9.120234604105569210e-06 -5.933538578162645992e-07
-9.061583577712606087e-06 -5.577766182570609169e-07
-9.002932551319644657e-06 -5.216431319399387832e-07
-8.944281524926683228e-06 -4.849768684306414632e-07
-8.885630498533721798e-06 -4.478018308951500243e-07
-8.826979472140760369e-06 -4.101425401289612370e-07
-8.768328445747797245e-06 -3.720240179846006588e-07
-8.709677419354835815e-06 -3.334717702091902407e-07
-8.651026392961874386e-06 -2.945117687047240693e-07
-8.592375366568912956e-06 -2.551704332245446329e-07
-8.533724340175949833e-06 -2.154746125203240123e-07
-8.475073313782988403e-06 -1.754515649546377712e-07
-8.416422287390026974e-06 -1.351289385950102899e-07
-8.357771260997065544e-06 -9.453475080605787288e-08
-8.299120234604102420e-06 -5.369736735709432261e-08
-8.240469208211140991e-06 -1.264548106327609702e-08
-8.181818181818179561e-06 2.859191002095248157e-08
-8.123167155425218132e-06 6.998552483668593286e-08
-8.064516129032256702e-06 1.115058219635985164e-07
-8.005865102639293579e-06 1.531230226505257648e-07
-7.947214076246332149e-06 1.948071342123473896e-07
-7.888563049853370720e-06 2.365279737713683876e-07
-7.829912023460409290e-06 2.782551923208915838e-07
-7.771260997067446166e-06 3.199582990881764853e-07
-7.712609970674484737e-06 3.616066861735334026e-07
-7.653958944281523307e-06 4.031696534418754776e-07
-7.595307917888561031e-06 4.446164336426680356e-07
-7.536656891495599601e-06 4.859162177338562575e-07
-7.478005865102637325e-06 5.270381803850359806e-07
-7.419354838709675895e-06 5.679515056348481832e-07
-7.360703812316713618e-06 6.086254126773241236e-07
-7.302052785923752189e-06 6.490291817517015357e-07
-7.243401759530790759e-06 6.891321801100424416e-07
-7.184750733137828483e-06 7.289038880368488357e-07
-7.126099706744867053e-06 7.683139248947587233e-07
-7.067448680351904777e-06 8.073320751703296172e-07
-7.008797653958943347e-06 8.459283144938829189e-07
-6.950146627565981071e-06 8.840728356073713954e-07
-6.891495601173019641e-06 9.217360742542686959e-07
-6.832844574780057364e-06 9.588887349655280315e-07
-6.774193548387095935e-06 9.955018167157795378e-07
-6.715542521994133658e-06 1.031546638424026364e-06
-6.656891495601172229e-06 1.066994864273302290e-06
-6.598240469208209952e-06 1.101818528823905410e-06
-6.539589442815248523e-06 1.135990061895075021e-06
-6.480938416422287093e-06 1.169482313190204729e-06
-6.422287390029324816e-06 1.202268576640989484e-06
-6.363636363636363387e-06 1.234322614446190762e-06
-6.304985337243401110e-06 1.265618680781047813e-06
-6.246334310850439681e-06 1.296131545153726891e-06
-6.187683284457477404e-06 1.325836515385581551e-06
-6.129032258064515975e-06 1.354709460192399655e-06
-6.070381231671553698e-06 1.382726831344268852e-06
-6.011730205278592269e-06 1.409865685382110302e-06
-5.953079178885629992e-06 1.436103704869444372e-06
-5.894428152492668562e-06 1.461419219158416170e-06
-5.835777126099706286e-06 1.485791224649642254e-06
-5.777126099706744856e-06 1.509199404525957111e-06
-5.718475073313782580e-06 1.531624147940697753e-06
-5.659824046920821150e-06 1.553046568641721205e-06
-5.601173020527859721e-06 1.573448523012920627e-06
-5.542521994134894056e-06 1.592812627515613500e-06
-5.483870967741931779e-06 1.611122275512766784e-06
-5.425219941348970350e-06 1.628361653459629583e-06
-5.366568914956008920e-06 1.644515756444991586e-06
-5.307917888563046644e-06 1.659570403067898647e-06
-5.249266862170085214e-06 1.673512249635305006e-06
-5.190615835777122937e-06 1.686328803666793692e-06
-5.131964809384161508e-06 1.698008436693154153e-06
-5.073313782991199231e-06 1.708540396336249877e-06
-5.014662756598237802e-06 1.717914817658305284e-06
-4.956011730205275525e-06 1.726122733769383176e-06
-4.897360703812314096e-06 1.733156085682508685e-06
-4.838709677419351819e-06 1.739007731406574101e-06
-4.780058651026390390e-06 1.743671454267833435e-06
-4.721407624633428113e-06 1.747141970451465132e-06
-4.662756598240466683e-06 1.749414935755387795e-06
-4.604105571847504407e-06 1.750486951549146922e-06
-4.545454545454542977e-06 1.750355569931428642e-06
-4.486803519061581548e-06 1.749019298080376037e-06
-4.428152492668619271e-06 1.746477601791601508e-06
-4.369501466275657842e-06 1.742730908199445713e-06
-4.310850439882695565e-06 1.737780607677704251e-06
-4.252199413489734135e-06 1.731629054916724712e-06
-4.193548387096771859e-06 1.724279569174428916e-06
-4.134897360703810429e-06 1.715736433699493216e-06
-4.076246334310848153e-06 1.706004894325569417e-06
-4.017595307917886723e-06 1.695091157236097181e-06
-3.958944281524924447e-06 1.683002385899899548e-06
-3.900293255131963017e-06 1.669746697178410089e-06
-3.841642228739000740e-06 1.655333156606032434e-06
-3.782991202346039311e-06 1.639771772845761174e-06
-3.724340175953077458e-06 1.623073491322841154e-06
-3.665689149560115605e-06 1.605250187039870841e-06
-3.607038123167153752e-06 1.586314656577395437e-06
-3.548387096774191899e-06 1.566280609284639922e-06
-3.489736070381230046e-06 1.545162657665681079e-06
-3.431085043988268193e-06 1.522976306966950250e-06
-3.372434017595306339e-06 1.499737943972597651e-06
-3.313782991202344910e-06 1.475464825014824861e-06
-3.255131964809383057e-06 1.450175063206937101e-06
-3.196480938416421204e-06 1.423887614907440797e-06
-3.137829912023459351e-06 1.396622265424114776e-06
-3.079178885630497498e-06 1.368399613967592282e-06
-3.020527859237535645e-06 1.339241057864560590e-06
-2.961876832844573792e-06 1.309168776041291079e-06
-2.903225806451611938e-06 1.278205711788780336e-06
-2.844574780058650085e-06 1.246375554821373024e-06
-2.785923753665688232e-06 1.213702722641311987e-06
-2.727272727272726379e-06 1.180212341222222826e-06
-2.668621700879764526e-06 1.145930225025129946e-06
-2.609970674486802673e-06 1.110882856361140216e-06
-2.551319648093841244e-06 1.075097364115519470e-06
-2.492668621700879391e-06 1.038601501848412699e-06
-2.434017595307917537e-06 1.001423625288056103e-06
-2.375366568914955684e-06 9.635926692328251722e-07
-2.316715542521993831e-06 9.251381238790606973e-07
-2.258064516129031978e-06 8.860900105921191746e-07
-2.199413489736070125e-06 8.464788571386545584e-07
-2.140762463343108272e-06 8.063356723986504743e-07
-2.082111436950146419e-06 7.656919205762765885e-07
-2.023460410557184566e-06 7.245794949291294564e-07
-1.964809384164222713e-06 6.830306910359800679e-07
-1.906158357771261072e-06 6.410781796236114166e-07
-1.847507331378295619e-06 5.987549789738889855e-07
-1.788856304985333766e-06 5.560944269326497272e-07
-1.730205278592371913e-06 5.131301525425432492e-07
-1.671554252199410059e-06 4.698960473223973093e-07
-1.612903225806448418e-06 4.264262362161859878e-07
-1.554252199413486565e-06 3.827550482351346031e-07
-1.495601173020524712e-06 3.389169868169645933e-07
-1.436950146627562859e-06 2.949466999267226215e-07
-1.378299120234601006e-06 2.508789499240878849e-07
-1.319648093841639153e-06 2.067485832224778524e-07
-1.260997067448677300e-06 1.625904997656936032e-07
-1.202346041055715658e-06 1.184396223482550939e-07
-1.143695014662753805e-06 7.433086580596609567e-08
-1.085043988269791952e-06 3.029910610363982757e-08
-1.026392961876830099e-06 -1.362085065272228238e-08
-9.677419354838682462e-07 -5.739429925165494808e-08
-9.090909090909064990e-07 -1.009866664318649981e-07
-8.504398826979446460e-07 -1.443635419294785393e-07
-7.917888563049827929e-07 -1.874907094882860103e-07
-7.331378299120210457e-07 -2.303341778040907689e-07
-6.744868035190591927e-07 -2.728602113739915100e-07
-6.158357771260973396e-07 -3.150353612212017021e-07
-5.571847507331354865e-07 -3.568264954657544505e-07
-4.985337243401737393e-07 -3.982008297112631959e-07
-4.398826979472118863e-07 -4.391259572177106951e-07
-3.812316715542500862e-07 -4.795698788300893565e-07
-3.225806451612882331e-07 -5.195010326325752143e-07
-2.639296187683264330e-07 -5.588883232978221330e-07
-2.052785923753646064e-07 -5.977011511008662234e-07
-1.466275659824027798e-07 -6.359094405670976255e-07
-8.797653958944095318e-08 -6.734836687237071049e-07
-2.932551319647913320e-08 -7.103948929240483673e-07
2.932551319648268677e-08 -7.466147782143717646e-07
8.797653958944451337e-08 -7.821156242124608767e-07
1.466275659824063267e-07 -8.168703914678066855e-07
2.052785923753681533e-07 -8.508527272730831224e-07
2.639296187683299799e-07 -8.840369908968628967e-07
3.225806451612917800e-07 -9.163982782077082817e-07
3.812316715542536331e-07 -9.479124456600211992e-07
4.398826979472154332e-07 -9.785561336123114856e-07
4.985337243401772334e-07 -1.008306788948859651e-06
5.571847507331390864e-07 -1.037142686976104924e-06
6.158357771261009395e-07 -1.065042952565486529e-06
6.744868035190626867e-07 -1.091987580514905753e-06
7.331378299120245397e-07 -1.117957455101443067e-06
7.917888563049863928e-07 -1.142934368798504783e-06
8.504398826979482459e-07 -1.166901040131107320e-06
9.090909090909099931e-07 -1.189841130643645237e-06
9.677419354838718461e-07 -1.211739260955112749e-06
1.026392961876833699e-06 -1.232581025877454932e-06
1.085043988269795552e-06 -1.252353008573459166e-06
1.143695014662757405e-06 -1.271042793731389126e-06
1.202346041055719047e-06 -1.288638979734366851e-06
1.260997067448680900e-06 -1.305131189803419604e-06
1.319648093841642753e-06 -1.320510082093989360e-06
1.378299120234604606e-06 -1.334767358726692732e-06
1.436950146627566459e-06 -1.347895773734114626e-06
1.495601173020528312e-06 -1.359889139906473891e-06
1.554252199413490165e-06 -1.370742334520109041e-06
1.612903225806451806e-06 -1.380451303933847066e-06
1.671554252199413659e-06 -1.389013067039543551e-06
1.730205278592375512e-06 -1.396425717554271778e-06
1.788856304985337366e-06 -1.402688425142931278e-06
1.847507331378299219e-06 -1.407801435361359407e-06
1.906158357771261072e-06 -1.411766068411365917e-06
1.964809384164226525e-06 -1.414584716700517436e-06
2.023460410557184566e-06 -1.416260841200919217e-06
2.082111436950149807e-06 -1.416798966602706283e-06
2.140762463343108272e-06 -1.416204675259466527e-06
2.199413489736073513e-06 -1.414484599924332649e-06
2.258064516129031978e-06 -1.411646415277070707e-06
2.316715542521997219e-06 -1.407698828244058220e-06
2.375366568914955684e-06 -1.402651567114698104e-06
2.434017595307920926e-06 -1.396515369459434109e-06
2.492668621700879391e-06 -1.389301968856221268e-06
2.551319648093844632e-06 -1.381024080433995427e-06
2.609970674486802673e-06 -1.371695385243392822e-06
2.668621700879768338e-06 -1.361330513466683214e-06
2.727272727272726379e-06 -1.349945026480652284e-06
2.785923753665692044e-06 -1.337555397787874048e-06
2.844574780058650085e-06 -1.324178992833608520e-06
2.903225806451615327e-06 -1.309834047727287568e-06
2.961876832844573792e-06 -1.294539646889335768e-06
3.020527859237539033e-06 -1.278315699645804379e-06
3.079178885630497498e-06 -1.261182915795081936e-06
3.137829912023462739e-06 -1.243162780172642568e-06
3.196480938416421204e-06 -1.224277526241558842e-06
3.255131964809386445e-06 -1.204550108738200587e-06
3.313782991202344910e-06 -1.184004175404227011e-06
3.372434017595310151e-06 -1.162664037837653106e-06
3.431085043988268193e-06 -1.140554641497418225e-06
3.489736070381233857e-06 -1.117701534897466098e-06
3.548387096774191899e-06 -1.094130838027949215e-06
3.607038123167157563e-06 -1.069869210042668891e-06
3.665689149560115605e-06 -1.044943816253383405e-06
3.724340175953080846e-06 -1.019382294473023931e-06
3.782991202346039311e-06 -9.932127207512841887e-07
3.841642228739004976e-06 -9.664635745473467424e-07
3.900293255131969793e-06 -9.391637033858226466e-07
3.958944281524928682e-06 -9.113422870431632549e-07
4.017595307917893499e-06 -8.830288013129773288e-07
4.076246334310851541e-06 -8.542529813997420888e-07
4.134897360703817206e-06 -8.250447849914284250e-07
4.193548387096775247e-06 -7.954343550624626893e-07
4.252199413489740912e-06 -7.654519824593191849e-07
4.310850439882698953e-06 -7.351280683217947238e-07
4.369501466275664618e-06 -7.044930863936946686e-07
4.428152492668622659e-06 -6.735775452772615863e-07
4.486803519061588324e-06 -6.424119506861756990e-07
4.545454545454546365e-06 -6.110267677523537861e-07
4.604105571847512030e-06 -5.794523834421036381e-07
4.662756598240470072e-06 -5.477190691373816449e-07
4.721407624633435736e-06 -5.158569434380386317e-07
4.780058651026393778e-06 -4.838959352409213792e-07
4.838709677419359442e-06 -4.518657471516300280e-07
4.897360703812317484e-06 -4.197958192845131932e-07
4.956011730205283149e-06 -3.877152935061980649e-07
5.014662756598241190e-06 -3.556529781775182945e-07
5.073313782991206855e-06 -3.236373134482133061e-07
5.131964809384164896e-06 -2.916963371581204562e-07
5.190615835777129714e-06 -2.598576513978675760e-07
5.249266862170088602e-06 -2.281483897812250989e-07
5.307917888563053420e-06 -1.965951854803323242e-07
5.366568914956012308e-06 -1.652241400739587109e-07
5.425219941348977126e-06 -1.340607932578086011e-07
5.483870967741936014e-06 -1.031300934646057549e-07
5.542521994134900832e-06 -7.245636944035232442e-08
5.601173020527859721e-06 -4.206330282166269037e-08
5.659824046920824538e-06 -1.197390175755547714e-08
5.718475073313782580e-06 1.778952438261263019e-08
5.777126099706748244e-06 4.720538917510334239e-08
5.835777126099706286e-06 7.625285214352469746e-08
5.894428152492671951e-06 1.049118405601283514e-07
5.953079178885629992e-06 1.331630700124948230e-07
6.011730205278595657e-06 1.609880637034802937e-07
6.070381231671553698e-06 1.883691704544904489e-07
6.129032258064519363e-06 2.152895813843441177e-07
6.187683284457477404e-06 2.417333452383085298e-07
6.246334310850443069e-06 2.676853823442288036e-07
6.304985337243401110e-06 2.931314971750886543e-07
6.363636363636366775e-06 3.180583894998047705e-07
6.422287390029324816e-06 3.424536641065665941e-07
6.480938416422290481e-06 3.663058390855710762e-07
6.539589442815248523e-06 3.896043526606014246e-07
6.598240469208214187e-06 4.123395685614935545e-07
6.656891495601172229e-06 4.345027799321872362e-07
6.715542521994137893e-06 4.560862117716908717e-07
6.774193548387095935e-06 4.770830219079714435e-07
6.832844574780060753e-06 4.974873005074311702e-07
6.891495601173019641e-06 5.172940681253175534e-07
6.950146627565984459e-06 5.364992723050580418e-07
7.008797653958943347e-06 5.550997827371628653e-07
7.067448680351908165e-06 5.730933849909663959e-07
7.126099706744867053e-06 5.904787728350760943e-07
7.184750733137831871e-06 6.072555391649667242e-07
7.243401759530790759e-06 6.234241655586887715e-07
7.302052785923755577e-06 6.389860104841402215e-07
7.360703812316713618e-06 6.539432961838016329e-07
7.419354838709679283e-06 6.682990942651920574e-07
7.478005865102637325e-06 6.820573100276488929e-07
7.536656891495602989e-06 6.952226655582623493e-07
7.595307917888568654e-06 7.078006816319968589e-07
7.653958944281526695e-06 7.197976584531164118e-07
7.712609970674491513e-06 7.312206552770683410e-07
7.771260997067449555e-06 7.420774689539005120e-07
7.829912023460416066e-06 7.523766114361401824e-07
7.888563049853374108e-06 7.621272862958036625e-07
7.947214076246338925e-06 7.713393642968614298e-07
8.005865102639296967e-06 7.800233580710176487e-07
8.064516129032263479e-06 7.881903959461145427e-07
8.123167155425221520e-06 7.958521949777948106e-07
8.181818181818186338e-06 8.030210332362687649e-07
8.240469208211144379e-06 8.097097214011466076e-07
8.299120234604110891e-06 8.159315737182709854e-07
8.357771260997068932e-06 8.217003783733559243e-07
8.416422287390033750e-06 8.270303673379882971e-07
8.475073313782991791e-06 8.319361857441671504e-07
8.533724340175958303e-06 8.364328608440645514e-07
8.592375366568916344e-06 8.405357706120702324e-07
8.651026392961881162e-06 8.442606120464410834e-07
8.709677419354839204e-06 8.476233692280097362e-07
8.768328445747804021e-06 8.506402811934254388e-07
8.826979472140763757e-06 8.533278096802899836e-07
8.885630498533728574e-06 8.557026068013183107e-07
8.944281524926686616e-06 8.577814827043257079e-07
9.002932551319651434e-06 8.595813732743586064e-07
9.061583577712611169e-06 8.611193079337302088e-07
9.120234604105575987e-06 8.624123775950238086e-07
9.178885630498534028e-06 8.634777028213350021e-07
9.237536656891498846e-06 8.643324022471223281e-07
9.296187683284456887e-06 8.649935613120237688e-07
9.354838709677423399e-06 8.654782013589102305e-07
9.413489736070381440e-06 8.658032491462320498e-07
9.472140762463346258e-06 8.659855068234348121e-07
9.530791788856304299e-06 8.660416224168462468e-07
9.589442815249270811e-06 8.659880608719716531e-07
9.648093841642228853e-06 8.658410756966163713e-07
9.706744868035193670e-06 8.656166812476184046e-07
9.765395894428151712e-06 8.653306257023402622e-07
9.824046920821118223e-06 8.649983647542909636e-07
9.882697947214076265e-06 8.646350360704895371e-07
9.941348973607041083e-06 8.642554345463105669e-07
9.999999999999999124e-06 8.638739883916798732e-07
1.005865102639296564e-05 8.635047360805425603e-07
1.011730205278592368e-05 8.631613041935672250e-07
1.017595307917888849e-05 8.628568861820455041e-07
1.023460410557184654e-05 8.626042220789292539e-07
1.029325513196481305e-05 8.624155791809057693e-07
1.035190615835777109e-05 8.623027337233560254e-07
1.041055718475073591e-05 8.622769535679812523e-07
1.046920821114369395e-05 8.623489819208169273e-07
1.052785923753665877e-05 8.625290220962932805e-07
1.058651026392961850e-05 8.628267233409456657e-07
1.064516129032258332e-05 8.632511677283366873e-07
1.070381231671554136e-05 8.638108581347302180e-07
1.076246334310850618e-05 8.645137073030504989e-07
1.082111436950146422e-05 8.653670280006919645e-07
1.087976539589443073e-05 8.663775242747941884e-07
1.093841642228738877e-05 8.675512838066886141e-07
1.099706744868035359e-05 8.688937713653606884e-07
1.105571847507331163e-05 8.704098233579297760e-07
1.111436950146627814e-05 8.721036434733822170e-07
1.117302052785923619e-05 8.739787994140477893e-07
1.123167155425220100e-05 8.760382207076434087e-07
1.129032258064516751e-05 8.782841975910663452e-07
1.134897360703812556e-05 8.807183809555652516e-07
1.140762463343109037e-05 8.833417833414062941e-07
1.146627565982404842e-05 8.861547809686911835e-07
1.152492668621701323e-05 8.891571167896219769e-07
1.158357771260997297e-05 8.923479045461696371e-07
1.164222873900293779e-05 8.957256338158543812e-07
1.170087976539589583e-05 8.992881760271632899e-07
1.175953079178886065e-05 9.030327914249978482e-07
1.181818181818182038e-05 9.069561369655026567e-07
1.187683284457478520e-05 9.110542751186258971e-07
1.193548387096774324e-05 9.153226835558546363e-07
1.199413489736070806e-05 9.197562656997009123e-07
1.205278592375366610e-05 9.243493621107409854e-07
1.211143695014663261e-05 9.290957626872695174e-07
1.217008797653959065e-05 9.339887196519868024e-07
1.222873900293255547e-05 9.390209612995283655e-07
1.228739002932551351e-05 9.441847064781152640e-07
1.234604105571848002e-05 9.494716797781215698e-07
1.240469208211143806e-05 9.548731273999422638e-07
1.246334310850440288e-05 9.603798336731675274e-07
1.252199413489736092e-05 9.659821381987693553e-07
1.258064516129032744e-05 9.716699535857405477e-07
1.263929618768328548e-05 9.774327837534059174e-07
1.269794721407625029e-05 9.832597427704709579e-07
1.275659824046920834e-05 9.891395742017388611e-07
1.281524926686217485e-05 9.950606709333465175e-07
1.287390029325513289e-05 1.001011095447324813e-06
1.293255131964809771e-05 1.006978600516282396e-06
1.299120234604105575e-05 1.012950650289017174e-06
1.304985337243402057e-05 1.018914441737943441e-06
1.310850439882698030e-05 1.024856926439257045e-06
1.316715542521994512e-05 1.030764832656915613e-06
1.322580645161290316e-05 1.036624687701585567e-06
1.328445747800586798e-05 1.042422840535888965e-06
1.334310850439882771e-05 1.048145484597425680e-06
1.340175953079179253e-05 1.053778680811223286e-06
1.346041055718475057e-05 1.059308380763460098e-06
1.351906158357771539e-05 1.064720450008493000e-06
1.357771260997067343e-05 1.070000691481438695e-06
1.363636363636363994e-05 1.075134868988750820e-06
1.369501466275659798e-05 1.080108730749467828e-06
1.375366568914956280e-05 1.084908032959999719e-06
1.381231671554252084e-05 1.089518563355565591e-06
1.387096774193548736e-05 1.093926164741579526e-06
1.392961876832844540e-05 1.098116758468522015e-06
1.398826979472141021e-05 1.102076367824034874e-06
1.404692082111436826e-05 1.105791141316180684e-06
1.410557184750733477e-05 1.109247375822023999e-06
1.416422287390029281e-05 1.112431539575878312e-06
1.422287390029325763e-05 1.115330294971771178e-06
1.428152492668621567e-05 1.117930521154855188e-06
1.434017595307918218e-05 1.120219336376686492e-06
1.439882697947214022e-05 1.122184120089481008e-06
1.445747800586510504e-05 1.123812534754608613e-06
1.451612903225806308e-05 1.125092547340798412e-06
1.457478005865102959e-05 1.126012450487664981e-06
1.463343108504398763e-05 1.126560883310359884e-06
1.469208211143695245e-05 1.126726851821302883e-06
1.475073313782991049e-05 1.126499748945150353e-06
1.480938416422287531e-05 1.125869374103286948e-06
1.486803519061583505e-05 1.124825952344352696e-06
1.492668621700879986e-05 1.123360152997472766e-06
1.498533724340175791e-05 1.121463107825053375e-06
1.504398826979472272e-05 1.119126428652222942e-06
1.510263929618768923e-05 1.116342224450192794e-06
1.516129032258064728e-05 1.113103117851056101e-06
1.521994134897361209e-05 1.109402261071775207e-06
1.527859237536657183e-05 1.105233351225370887e-06
1.533724340175953495e-05 1.100590644997614908e-06
1.539589442815249469e-05 1.095468972667820924e-06
1.545454545454546120e-05 1.089863751452663136e-06
1.551319648093841755e-05 1.083770998152304296e-06
1.557184750733138406e-05 1.077187341078500858e-06
1.563049853372434041e-05 1.070110031244756098e-06
1.568914956011730692e-05 1.062536952799060381e-06
1.574780058651026665e-05 1.054466632680209918e-06
1.580645161290322978e-05 1.045898249479244587e-06
1.586510263929618951e-05 1.036831641488078249e-06
1.592375366568915264e-05 1.027267313917998433e-06
1.598240469208211237e-05 1.017206445271361361e-06
1.604105571847507888e-05 1.006650892850472521e-06
1.609970674486803523e-05 9.956031973883746629e-07
1.615835777126100174e-05 9.840665867870447508e-07
1.621700879765396148e-05 9.720449789492993307e-07
1.627565982404692460e-05 9.595429836915884744e-07
1.633431085043988434e-05 9.465659037257558810e-07
1.639296187683284746e-05 9.331197346988124733e-07
1.645161290322580720e-05 9.192111642807593116e-07
1.651026392961877371e-05 9.048475702915742365e-07
1.656891495601173006e-05 8.900370178595443384e-07
1.662756598240469657e-05 8.747882556043098691e-07
1.668621700879765291e-05 8.591107108391444792e-07
1.674486803519061943e-05 8.430144837882580052e-07
1.680351906158357916e-05 8.265103408161793187e-07
1.686217008797654229e-05 8.096097066676029939e-07
1.692082111436950202e-05 7.923246557174437771e-07
1.697947214076246853e-05 7.746679022322629992e-07
1.703812316715542488e-05 7.566527896456367240e-07
1.709677419354839139e-05 7.382932788515534114e-07
1.715542521994134774e-05 7.196039355213948814e-07
1.721407624633431425e-05 7.005999164516201002e-07
1.727272727272727399e-05 6.812969549508041261e-07
1.733137829912023711e-05 6.617113452763003699e-07
1.739002932551319685e-05 6.418599261323640928e-07
1.744868035190615997e-05 6.217600632432223283e-07
1.750733137829911970e-05 6.014296310161958963e-07
1.756598240469208622e-05 5.808869933116161751e-07
1.762463343108504256e-05 5.601509833379374681e-07
1.768328445747800908e-05 5.392408826920842835e-07
1.774193548387096881e-05 5.181763995667193697e-07
1.780058651026393193e-05 4.969776461477588407e-07
1.785923753665689167e-05 4.756651152270741657e-07
1.791788856304985479e-05 4.542596560569505932e-07
1.797653958944281453e-05 4.327824494744370020e-07
1.803519061583578104e-05 4.112549823253055443e-07
1.809384164222873739e-05 3.896990212188593353e-07
1.815249266862170390e-05 3.681365856463439616e-07
1.821114369501466025e-05 3.465899204971608628e-07
1.826979472140762676e-05 3.250814680085277967e-07
1.832844574780058649e-05 3.036338391855735658e-07
1.838709677419354962e-05 2.822697847302172137e-07
1.844574780058650935e-05 2.610121655184043845e-07
1.850439882697947587e-05 2.398839226665283609e-07
1.856304985337243221e-05 2.189080472289697103e-07
1.862170087976539872e-05 1.981075495697959085e-07
1.868035190615835507e-05 1.775054284526531276e-07
1.873900293255132158e-05 1.571246398938294660e-07
1.879765395894428132e-05 1.369880658243070861e-07
1.885630498533724444e-05 1.171184826074272103e-07
1.891495601173021095e-05 9.753852945944419286e-08
1.897360703812316730e-05 7.827067682089324829e-08
1.903225806451613381e-05 5.933719472717544216e-08
1.909090909090909355e-05 4.076012122722636659e-08
1.914956011730205667e-05 2.256123089942939276e-08
1.920821114369501641e-05 4.762003514207647765e-09
1.926686217008798292e-05 -1.261640710715420506e-08
1.932551319648093927e-05 -2.955320398784697858e-08
1.938416422287390578e-05 -4.602797759549400286e-08
1.944281524926686213e-05 -6.202073609732615543e-08
1.950146627565982864e-05 -7.751193522144306790e-08
1.956011730205278837e-05 -9.248250767536955105e-08
1.961876832844575150e-05 -1.069138920735885870e-07
1.967741935483871123e-05 -1.207880613262723191e-07
1.973607038123167774e-05 -1.340875504420975292e-07
1.979472140762463409e-05 -1.467954836987736904e-07
1.985337243401760060e-05 -1.588956011357798090e-07
1.991202346041055695e-05 -1.703722843247323511e-07
1.997067448680352346e-05 -1.812105813738558676e-07
2.002932551319648320e-05 -1.913962311241562824e-07
2.008797653958944632e-05 -2.009156864961283960e-07
2.014662756598240606e-05 -2.097561369471151105e-07
2.020527859237536918e-05 -2.179055300008465118e-07
2.026392961876832892e-05 -2.253525918121593749e-07
2.032258064516129543e-05 -2.320868467314395284e-07
2.038123167155425178e-05 -2.380986358349613443e-07
2.043988269794721829e-05 -2.433791343890071153e-07
2.049853372434017802e-05 -2.479203682173857887e-07
2.055718475073314115e-05 -2.517152289438385240e-07
2.061583577712610088e-05 -2.547574880826655249e-07
2.067448680351906401e-05 -2.570418099528856770e-07
2.073313782991202374e-05 -2.585637633932033869e-07
2.079178885630499025e-05 -2.593198322571213987e-07
2.085043988269794660e-05 -2.593074246696004394e-07
2.090909090909091311e-05 -2.585248810287892592e-07
2.096774193548386946e-05 -2.569714807384936419e-07
2.102639296187683597e-05 -2.546474476592328494e-07
2.108504398826979571e-05 -2.515539542679168875e-07
2.114369501466275883e-05 -2.476931245184025003e-07
2.120234604105571857e-05 -2.430680353973944914e-07
2.126099706744868508e-05 -2.376827171724042166e-07
2.131964809384164142e-05 -2.315421523306979599e-07
2.137829912023460794e-05 -2.246522732103970051e-07
2.143695014662756428e-05 -2.170199583271121866e-07
2.149560117302053080e-05 -2.086530274017021999e-07
2.155425219941349053e-05 -1.995602350969270129e-07
2.161290322580645365e-05 -1.897512634729340077e-07
2.167155425219941339e-05 -1.792367131736528153e-07
2.173020527859237651e-05 -1.680280933582713727e-07
2.178885630498533625e-05 -1.561378103940383942e-07
2.184750733137830276e-05 -1.435791553286603223e-07
2.190615835777125911e-05 -1.303662901625352305e-07
2.196480938416422562e-05 -1.165142329430039124e-07
2.202346041055718536e-05 -1.020388417046712433e-07
2.208211143695014848e-05 -8.695679728166420396e-08
2.214076246334310821e-05 -7.128558501946510558e-08
2.219941348973607134e-05 -5.504347541563400602e-08
2.225806451612903107e-05 -3.824950372038331584e-08
2.231671554252199758e-05 -2.092344852950366684e-08
2.237536656891495393e-05 -3.085809403639119823e-09
2.243401759530792044e-05 1.524221645068987073e-08
2.249266862170087679e-05 3.403875840158063662e-08
2.255131964809384330e-05 5.328129747577954914e-08
2.260997067448680981e-05 7.294669226709453439e-08
2.266862170087976616e-05 9.301120562895266897e-08
2.272727272727273267e-05 1.134505321098614414e-07
2.278592375366569241e-05 1.342398260896179590e-07
2.284457478005865553e-05 1.553537305732812981e-07
2.290322580645161527e-05 1.767664065991866598e-07
2.296187683284457839e-05 1.984515632166164858e-07
2.302052785923753813e-05 2.203824879881957665e-07
2.307917888563050464e-05 2.425320779715817361e-07
2.313782991202346099e-05 2.648728711346543107e-07
2.319648093841642750e-05 2.873770781580884407e-07
2.325513196480938723e-05 3.100166145790015128e-07
2.331378299120235036e-05 3.327631332292223151e-07
2.337243401759531009e-05 3.555880569217024606e-07
2.343108504398827322e-05 3.784626113386234541e-07
2.348973607038123295e-05 4.013578580748916894e-07
2.354838709677419946e-05 4.242447277909062021e-07
2.360703812316715581e-05 4.470940534287889362e-07
2.366568914956012232e-05 4.698766034466198087e-07
2.372434017595307867e-05 4.925631150256652920e-07
2.378299120234604518e-05 5.151243272061070406e-07
2.384164222873900492e-05 5.375310139073567197e-07
2.390029325513196804e-05 5.597540167897047806e-07
2.395894428152492778e-05 5.817642779147717532e-07
2.401759530791789429e-05 6.035328721630046557e-07
2.407624633431085064e-05 6.250310393673288502e-07
2.413489736070381715e-05 6.462302161229442645e-07
2.419354838709677349e-05 6.671020672342369213e-07
2.425219941348974001e-05 6.876185167607641528e-07
2.431085043988269974e-05 7.077517786253555433e-07
2.436950146627566287e-05 7.274743867484583933e-07
2.442815249266862260e-05 7.467592246740098335e-07
2.448680351906158572e-05 7.655795546533134157e-07
2.454545454545454546e-05 7.839090461546084110e-07
2.460410557184751197e-05 8.017218037672843559e-07
2.466275659824046832e-05 8.189923944709787528e-07
2.472140762463343483e-05 8.356958742411083128e-07
2.478005865102639457e-05 8.518078139637168278e-07
2.483870967741935769e-05 8.673043246338824589e-07
2.489736070381231743e-05 8.821620818133030210e-07
2.495601173020528055e-05 8.963583493240509900e-07
2.501466275659824028e-05 9.098710021569076811e-07
2.507331378299120680e-05 9.226785485740714726e-07
2.513196480938416314e-05 9.347601513874591338e-07
2.519061583577712966e-05 9.460956483952194559e-07
2.524926686217008600e-05 9.566655719605038405e-07
2.530791788856305251e-05 9.664511677179235001e-07
2.536656891495601225e-05 9.754344123945482747e-07
2.542521994134897537e-05 9.835980307336718219e-07
2.548387096774193511e-05 9.909255115109660758e-07
2.554252199413490162e-05 9.974011226339978261e-07
2.560117302052785797e-05 1.003009925317444945e-06
2.565982404692082448e-05 1.007737787327672011e-06
2.571847507331378083e-05 1.011571395291641573e-06
2.577712609970674734e-05 1.014498266066424795e-06
2.583577712609970707e-05 1.016506757166847891e-06
2.589442815249267020e-05 1.017586076250033434e-06
2.595307917888562993e-05 1.017726289656831467e-06
2.601173020527859306e-05 1.016918330011299373e-06
2.607038123167155279e-05 1.015154002880560251e-06
2.612903225806451930e-05 1.012425992498468183e-06
2.618768328445747565e-05 1.008727866557631483e-06
2.624633431085044216e-05 1.004054080075368698e-06
2.630498533724340868e-05 9.983999783402168907e-07
2.636363636363636502e-05 9.917617989465854629e-07
2.642228739002933153e-05 9.841366729261115937e-07
2.648093841642228788e-05 9.755226249851684887e-07
2.653958944281525439e-05 9.659185728588829028e-07
2.659824046920821413e-05 9.553243257928275234e-07
2.665689149560117725e-05 9.437405821643905653e-07
2.671554252199413699e-05 9.311689262565528476e-07
2.677419354838710350e-05 9.176118241975708799e-07
2.683284457478005985e-05 9.030726190807141637e-07
2.689149560117302636e-05 8.875555252788998991e-07
2.695014662756598271e-05 8.710656219696364411e-07
2.700879765395894922e-05 8.536088458863182006e-07
2.706744868035190895e-05 8.351919833124079821e-07
2.712609970674487208e-05 8.158226613355848453e-07
2.718475073313783181e-05 7.955093383793818634e-07
2.724340175953079494e-05 7.742612940302969208e-07
2.730205278592375467e-05 7.520886181787331331e-07
2.736070381231672118e-05 7.290021994925215604e-07
2.741935483870967753e-05 7.050137132420908113e-07
2.747800586510264404e-05 6.801356084966666133e-07
2.753665689149560378e-05 6.543810947111410810e-07
2.759530791788856690e-05 6.277641277235112374e-07
2.765395894428152664e-05 6.002993951829752344e-07
2.771260997067448976e-05 5.720023014289760996e-07
2.777126099706744950e-05 5.428889518416255610e-07
2.782991202346041601e-05 5.129761366840775104e-07
2.788856304985337236e-05 4.822813144575115090e-07
2.794721407624633887e-05 4.508225947894818719e-07
2.800586510263929521e-05 4.186187208764151848e-07
2.806451612903226173e-05 3.856890515011061275e-07
2.812316715542522146e-05 3.520535426460265927e-07
2.818181818181818459e-05 3.177327287232961208e-07
2.824046920821114432e-05 2.827477034420914228e-07
2.829912023460411083e-05 2.471201003342498922e-07
2.835777126099706718e-05 2.108720729587348153e-07
2.841642228739003369e-05 1.740262748055574900e-07
2.847507331378299004e-05 1.366058389196367407e-07
2.853372434017595655e-05 9.863435726497371002e-08
2.859237536656891629e-05 6.013585984937400869e-08
2.865102639296187941e-05 2.113479362981533546e-08
2.870967741935483915e-05 -1.834399878160689293e-08
2.876832844574780227e-05 -5.827530059138843166e-08
2.882697947214076200e-05 -9.863354245839269911e-08
2.888563049853372852e-05 -1.393928242683046010e-07
2.894428152492668486e-05 -1.805269370295655218e-07
2.900293255131965138e-05 -2.220093848718076580e-07
2.906158357771261111e-05 -2.638134071280230498e-07
2.912023460410557423e-05 -3.059120004819307971e-07
2.917888563049853397e-05 -3.482779411622346966e-07
2.923753665689149709e-05 -3.908838071657087176e-07
2.929618768328445683e-05 -4.337020004912941721e-07
2.935483870967742334e-05 -4.767047693676374605e-07
2.941348973607037969e-05 -5.198642304567662651e-07
2.947214076246334620e-05 -5.631523910168547394e-07
2.953079178885630255e-05 -6.065411710072983433e-07
2.958944281524926906e-05 -6.500024251195902847e-07
2.964809384164222879e-05 -6.935079647177677723e-07
2.970674486803519192e-05 -7.370295796724713526e-07
2.976539589442815165e-05 -7.805390600729445763e-07
2.982404692082111817e-05 -8.240082178015800167e-07
2.988269794721407451e-05 -8.674089079559215360e-07
2.994134897360704102e-05 -9.107130501032959125e-07
2.999999999999999737e-05 -9.538926493535657411e-07
