-2.999999999999999737e-05 -1.992965687633709827e-07
-2.994134897360703764e-05 -1.953975900632821049e-07
-2.988269794721407451e-05 -1.913620078472935576e-07
-2.982404692082111478e-05 -1.871841401614316109e-07
-2.976539589442815165e-05 -1.828584154679281633e-07
-2.970674486803518853e-05 -1.783793795227741605e-07
-2.964809384164222879e-05 -1.737417021142565911e-07
-2.958944281524926567e-05 -1.689401836558811474e-07
-2.953079178885630255e-05 -1.639697616272054363e-07
-2.947214076246334281e-05 -1.588255168562326384e-07
-2.941348973607037969e-05 -1.535026796371424397e-07
-2.935483870967741995e-05 -1.479966356772652284e-07
-2.929618768328445683e-05 -1.423029318673366595e-07
-2.923753665689149371e-05 -1.364172818691975861e-07
-2.917888563049853397e-05 -1.303355715152396222e-07
-2.912023460410557085e-05 -1.240538640140331819e-07
-2.906158357771261111e-05 -1.175684049567106981e-07
-2.900293255131964799e-05 -1.108756271188247497e-07
-2.894428152492668486e-05 -1.039721550525281189e-07
-2.888563049853372513e-05 -9.685480946409439237e-08
-2.882697947214076200e-05 -8.952061137192854387e-08
-2.876832844574779888e-05 -8.196678604037673708e-08
-2.870967741935483915e-05 -7.419076668480935992e-08
-2.865102639296187602e-05 -6.619019794360780483e-08
-2.859237536656891629e-05 -5.796293911285623272e-08
-2.853372434017595316e-05 -4.950706713971320037e-08
-2.847507331378299004e-05 -4.082087937061480908e-08
-2.841642228739003030e-05 -3.190289605064780350e-08
-2.835777126099706718e-05 -2.275186257061958033e-08
-2.829912023460410744e-05 -1.336675145855150653e-08
-2.824046920821114432e-05 -3.746764112520022592e-09
-2.818181818181817781e-05 6.108667728016770561e-09
-2.812316715542522146e-05 1.619988077505076815e-08
-2.806451612903225495e-05 2.652697925143572489e-08
-2.800586510263929521e-05 3.708983421907292544e-08
-2.794721407624633209e-05 4.788808317782146645e-08
-2.788856304985337236e-05 5.892112993683506278e-08
-2.782991202346040923e-05 7.018814475978049279e-08
-2.777126099706744611e-05 8.168806478512873928e-08
-2.771260997067448298e-05 9.341959472243234437e-08
-2.765395894428152325e-05 1.053812078252377495e-07
-2.759530791788856013e-05 1.175711471409862699e-07
-2.753665689149559700e-05 1.299874270379687796e-07
-2.747800586510263727e-05 1.426278350090979631e-07
-2.741935483870967414e-05 1.554899337519524334e-07
-2.736070381231671441e-05 1.685710635242310714e-07
-2.730205278592375128e-05 1.818683447734393911e-07
-2.724340175953078816e-05 1.953786810392898876e-07
-2.718475073313782842e-05 2.090987621269708166e-07
-2.712609970674486530e-05 2.230250675490872073e-07
-2.706744868035190557e-05 2.371538702337425391e-07
-2.700879765395894244e-05 2.514812404958585111e-07
-2.695014662756597932e-05 2.660030502684830001e-07
-2.689149560117301958e-05 2.807149775904679169e-07
-2.683284457478005646e-05 2.956125113465328133e-07
-2.677419354838709334e-05 3.106909562553561990e-07
-2.671554252199413360e-05 3.259454381009588615e-07
-2.665689149560117048e-05 3.413709092022784103e-07
-2.659824046920821074e-05 3.569621541154330345e-07
-2.653958944281524762e-05 3.727137955628235445e-07
-2.648093841642228449e-05 3.886203005828075555e-07
-2.642228739002932476e-05 4.046759868933249313e-07
-2.636363636363636163e-05 4.208750294624700509e-07
-2.630498533724340190e-05 4.372114672786136572e-07
-2.624633431085043878e-05 4.536792103123262101e-07
-2.618768328445747565e-05 4.702720466619647174e-07
-2.612903225806451592e-05 4.869836498744276196e-07
-2.607038123167155279e-05 5.038075864322239071e-07
-2.601173020527858967e-05 5.207373233976332841e-07
-2.595307917888562993e-05 5.377662362044108432e-07
-2.589442815249266681e-05 5.548876165871229475e-07
-2.583577712609970707e-05 5.720946806378932789e-07
-2.577712609970674395e-05 5.893805769799989873e-07
-2.571847507331378083e-05 6.067383950474688844e-07
-2.565982404692082109e-05 6.241611734595052809e-07
-2.560117302052785797e-05 6.416419084783055356e-07
-2.554252199413489823e-05 6.591735625385562497e-07
-2.548387096774193511e-05 6.767490728366241203e-07
-2.542521994134897199e-05 6.943613599672430012e-07
-2.536656891495601225e-05 7.120033365952447284e-07
-2.530791788856304913e-05 7.296679161496937563e-07
-2.524926686217008600e-05 7.473480215275877587e-07
-2.519061583577712627e-05 7.650365937941167371e-07
-2.513196480938416314e-05 7.827266008663253633e-07
-2.507331378299120341e-05 8.004110461668840603e-07
-2.501466275659824028e-05 8.180829772345806164e-07
-2.495601173020527716e-05 8.357354942780387809e-07
-2.489736070381231743e-05 8.533617586591210544e-07
-2.483870967741935091e-05 8.709550012924219615e-07
-2.478005865102639457e-05 8.885085309472471833e-07
-2.472140762463342805e-05 9.060157424384706502e-07
-2.466275659824046832e-05 9.234701246927112435e-07
-2.460410557184750520e-05 9.408652686763040011e-07
-2.454545454545454546e-05 9.581948751716448027e-07
-2.448680351906157895e-05 9.754527623885816353e-07
-2.442815249266862260e-05 9.926328733976690064e-07
-2.436950146627565609e-05 1.009729283372251150e-06
-2.431085043988269974e-05 1.026736206626545926e-06
-2.425219941348973323e-05 1.043648003437090190e-06
-2.419354838709677349e-05 1.060459186635176686e-06
-2.413489736070381037e-05 1.077164427958146581e-06
-2.407624633431085064e-05 1.093758564147730011e-06
-2.401759530791788412e-05 1.110236602783911817e-06
-2.395894428152492778e-05 1.126593727843177199e-06
-2.390029325513196126e-05 1.142825304970332551e-06
-2.384164222873900153e-05 1.158926886453520864e-06
-2.378299120234603841e-05 1.174894215892447093e-06
-2.372434017595307528e-05 1.190723232550293889e-06
-2.366568914956011555e-05 1.206410075380257040e-06
-2.360703812316715242e-05 1.221951086718146007e-06
-2.354838709677419269e-05 1.237342815632972880e-06
-2.348973607038122956e-05 1.252582020928036699e-06
-2.343108504398826644e-05 1.267665673785508122e-06
-2.337243401759530670e-05 1.282590960048143487e-06
-2.331378299120234358e-05 1.297355282132325237e-06
-2.325513196480938046e-05 1.311956260567235560e-06
-2.319648093841642072e-05 1.326391735155615941e-06
-2.313782991202345760e-05 1.340659765752184722e-06
-2.307917888563049786e-05 1.354758632656460914e-06
-2.302052785923753474e-05 1.368686836617399158e-06
-2.296187683284457162e-05 1.382443098447926214e-06
-2.290322580645161188e-05 1.396026358248173412e-06
-2.284457478005864876e-05 1.409435774236863628e-06
-2.278592375366568902e-05 1.422670721191073839e-06
-2.272727272727272590e-05 1.435730788495249105e-06
-2.266862170087976277e-05 1.448615777801112688e-06
-2.260997067448680304e-05 1.461325700300798912e-06
-2.255131964809383992e-05 1.473860773616290679e-06
-2.249266862170087679e-05 1.486221418308936671e-06
-2.243401759530791706e-05 1.498408254013573704e-06
-2.237536656891495393e-05 1.510422095202463504e-06
-2.231671554252199420e-05 1.522263946585013993e-06
-2.225806451612903107e-05 1.533934998149894706e-06
-2.219941348973606795e-05 1.545436619856942192e-06
-2.214076246334310821e-05 1.556770355986847382e-06
-2.208211143695014509e-05 1.567937919157374981e-06
-2.202346041055718536e-05 1.578941184015478398e-06
-2.196480938416422223e-05 1.589782180615357530e-06
-2.190615835777125911e-05 1.600463087493119924e-06
-2.184750733137829937e-05 1.610986224449350253e-06
-2.178885630498533625e-05 1.621354045051465410e-06
-2.173020527859237313e-05 1.631569128868343665e-06
-2.167155425219941339e-05 1.641634173450256099e-06
-2.161290322580645027e-05 1.651551986067666597e-06
-2.155425219941349053e-05 1.661325475222997369e-06
-2.149560117302052402e-05 1.670957641949928122e-06
-2.143695014662756428e-05 1.680451570915261789e-06
-2.137829912023460116e-05 1.689810421338840185e-06
-2.131964809384164142e-05 1.699037417747369621e-06
-2.126099706744867491e-05 1.708135840578435615e-06
-2.120234604105571857e-05 1.717109016651283136e-06
-2.114369501466275205e-05 1.725960309521300274e-06
-2.108504398826979571e-05 1.734693109735388055e-06
-2.102639296187682919e-05 1.743310825005686224e-06
-2.096774193548386946e-05 1.751816870319295317e-06
-2.090909090909090634e-05 1.760214658001877362e-06
-2.085043988269794660e-05 1.768507587753102480e-06
-2.079178885630498348e-05 1.776699036672070210e-06
-2.073313782991202374e-05 1.784792349290885653e-06
-2.067448680351905723e-05 1.792790827634620679e-06
-2.061583577712610088e-05 1.800697721325899171e-06
-2.055718475073313437e-05 1.808516217752303733e-06
-2.049853372434017802e-05 1.816249432314744346e-06
-2.043988269794721151e-05 1.823900398774832264e-06
-2.038123167155425178e-05 1.831472059719142333e-06
-2.032258064516128865e-05 1.838967257158098287e-06
-2.026392961876832892e-05 1.846388723276994893e-06
-2.020527859237536240e-05 1.853739071356410176e-06
-2.014662756598240606e-05 1.861020786879029898e-06
-2.008797653958943955e-05 1.868236218839524898e-06
-2.002932551319648320e-05 1.875387571273843201e-06
-1.997067448680351669e-05 1.882476895023851514e-06
-1.991202346041055695e-05 1.889506079752875283e-06
-1.985337243401759383e-05 1.896476846227239715e-06
-1.979472140762463409e-05 1.903390738878432170e-06
-1.973607038123166758e-05 1.910249118660019110e-06
-1.967741935483870784e-05 1.917053156212914163e-06
-1.961876832844574472e-05 1.923803825352043741e-06
-1.956011730205278499e-05 1.930501896886863061e-06
-1.950146627565982186e-05 1.937147932787582531e-06
-1.944281524926685874e-05 1.943742280708329369e-06
-1.938416422287389900e-05 1.950285068877816909e-06
-1.932551319648093588e-05 1.956776201367426388e-06
-1.926686217008797614e-05 1.963215353745910982e-06
-1.920821114369501302e-05 1.969601969129224621e-06
-1.914956011730204990e-05 1.975935254633265323e-06
-1.909090909090909016e-05 1.982214178236555789e-06
-1.903225806451612704e-05 1.988437466059176742e-06
-1.897360703812316391e-05 1.994603600063459989e-06
-1.891495601173020418e-05 2.000710816181212133e-06
-1.885630498533724105e-05 2.006757102871443193e-06
-1.879765395894428132e-05 2.012740200111786267e-06
-1.873900293255131820e-05 2.018657598826022686e-06
-1.868035190615835507e-05 2.024506540749317384e-06
-1.862170087976539534e-05 2.030284018731977189e-06
-1.856304985337243221e-05 2.035986777481765517e-06
-1.850439882697947248e-05 2.041611314743995443e-06
-1.844574780058650935e-05 2.047153882917872282e-06
-1.838709677419354623e-05 2.052610491106720317e-06
-1.832844574780058649e-05 2.057976907599024466e-06
-1.826979472140762337e-05 2.063248662776392642e-06
-1.821114369501466025e-05 2.068421052443837740e-06
-1.815249266862170051e-05 2.073489141577000989e-06
-1.809384164222873739e-05 2.078447768480252365e-06
-1.803519061583577765e-05 2.083291549348841807e-06
-1.797653958944281453e-05 2.088014883227645662e-06
-1.791788856304985141e-05 2.092611957358309919e-06
-1.785923753665689167e-05 2.097076752905978558e-06
-1.780058651026392855e-05 2.101403051056165127e-06
-1.774193548387096881e-05 2.105584439471674314e-06
-1.768328445747800230e-05 2.109614319098926724e-06
-1.762463343108504256e-05 2.113485911312471299e-06
-1.756598240469207944e-05 2.117192265385908243e-06
-1.750733137829911970e-05 2.120726266276969258e-06
-1.744868035190615319e-05 2.124080642713981434e-06
-1.739002932551319685e-05 2.127247975570518413e-06
-1.733137829912023033e-05 2.130220706514594002e-06
-1.727272727272727399e-05 2.132991146918372622e-06
-1.721407624633430747e-05 2.135551487013988566e-06
-1.715542521994134774e-05 2.137893805280760691e-06
-1.709677419354838462e-05 2.140010078048757944e-06
-1.703812316715542488e-05 2.141892189303418766e-06
-1.697947214076245837e-05 2.143531940675696950e-06
-1.692082111436950202e-05 2.144921061601972395e-06
-1.686217008797653551e-05 2.146051219637836831e-06
-1.680351906158357916e-05 2.146914030909694757e-06
-1.674486803519061265e-05 2.147501070688025854e-06
-1.668621700879765291e-05 2.147803884066085202e-06
-1.662756598240468979e-05 2.147813996727775318e-06
-1.656891495601173006e-05 2.147522925788426127e-06
-1.651026392961876693e-05 2.146922190692224084e-06
-1.645161290322580720e-05 2.146003324150115057e-06
-1.639296187683284068e-05 2.144757883102073392e-06
-1.633431085043988434e-05 2.143177459687770158e-06
-1.627565982404691783e-05 2.141253692209788765e-06
-1.621700879765396148e-05 2.138978276073762329e-06
-1.615835777126099497e-05 2.136342974689956635e-06
-1.609970674486803523e-05 2.133339630321133005e-06
-1.604105571847507211e-05 2.129960174861685868e-06
-1.598240469208211237e-05 2.126196640533449659e-06
-1.592375366568914586e-05 2.122041170483780986e-06
-1.586510263929618612e-05 2.117486029271936208e-06
-1.580645161290322300e-05 2.112523613230055522e-06
-1.574780058651026327e-05 2.107146460685507670e-06
-1.568914956011730014e-05 2.101347262031689859e-06
-1.563049853372433702e-05 2.095118869634839133e-06
-1.557184750733137728e-05 2.088454307564818877e-06
-1.551319648093841416e-05 2.081346781138307837e-06
-1.545454545454545104e-05 2.073789686263284114e-06
-1.539589442815249130e-05 2.065776618574172586e-06
-1.533724340175952818e-05 2.057301382347500683e-06
-1.527859237536656844e-05 2.048357999188447838e-06
-1.521994134897360532e-05 2.038940716479137708e-06
-1.516129032258064389e-05 2.029044015580062213e-06
-1.510263929618768246e-05 2.018662619776560093e-06
-1.504398826979471933e-05 2.007791501962763959e-06
-1.498533724340175791e-05 1.996425892056010866e-06
-1.492668621700879648e-05 1.984561284135198505e-06
-1.486803519061583505e-05 1.972193443297119652e-06
-1.480938416422287192e-05 1.959318412225356829e-06
-1.475073313782991049e-05 1.945932517466806614e-06
-1.469208211143694906e-05 1.932032375411476439e-06
-1.463343108504398763e-05 1.917614897971676181e-06
-1.457478005865102451e-05 1.902677297957267221e-06
-1.451612903225806308e-05 1.887217094144125489e-06
-1.445747800586510165e-05 1.871232116033478985e-06
-1.439882697947214022e-05 1.854720508300257368e-06
-1.434017595307917710e-05 1.837680734929083961e-06
-1.428152492668621567e-05 1.820111583036995576e-06
-1.422287390029325424e-05 1.802012166382424943e-06
-1.416422287390029281e-05 1.783381928560427734e-06
-1.410557184750733138e-05 1.764220645884551228e-06
-1.404692082111436826e-05 1.744528429956156927e-06
-1.398826979472140683e-05 1.724305729922401600e-06
-1.392961876832844540e-05 1.703553334424445459e-06
-1.387096774193548397e-05 1.682272373237829508e-06
-1.381231671554252084e-05 1.660464318607300998e-06
-1.375366568914955941e-05 1.638130986278679552e-06
-1.369501466275659798e-05 1.615274536230670128e-06
-1.363636363636363656e-05 1.591897473109812739e-06
-1.357771260997067343e-05 1.568002646372023569e-06
-1.351906158357771200e-05 1.543593250134427732e-06
-1.346041055718475057e-05 1.518672822741417520e-06
-1.340175953079178914e-05 1.493245246049077904e-06
-1.334310850439882771e-05 1.467314744432302142e-06
-1.328445747800586459e-05 1.440885883519114493e-06
-1.322580645161290316e-05 1.413963568656840926e-06
-1.316715542521994173e-05 1.386553043114927560e-06
-1.310850439882698030e-05 1.358659886029309221e-06
-1.304985337243401379e-05 1.330290010093344267e-06
-1.299120234604105236e-05 1.301449659000392578e-06
-1.293255131964809093e-05 1.272145404643201056e-06
-1.287390029325512950e-05 1.242384144075303382e-06
-1.281524926686216638e-05 1.212173096239672885e-06
-1.275659824046920495e-05 1.181519798469887150e-06
-1.269794721407624352e-05 1.150432102769083483e-06
-1.263929618768328209e-05 1.118918171871955356e-06
-1.258064516129031896e-05 1.086986475095046089e-06
-1.252199413489735754e-05 1.054645783980544385e-06
-1.246334310850439611e-05 1.021905167738766799e-06
-1.240469208211143468e-05 9.887739884944379532e-07
-1.234604105571847325e-05 9.552618963418521621e-07
-1.228739002932551012e-05 9.213788242139016850e-07
-1.222873900293254869e-05 8.871349825699041984e-07
-1.217008797653958726e-05 8.525408539070804431e-07
-1.211143695014662583e-05 8.176071871004409952e-07
-1.205278592375366271e-05 7.823449915757611721e-07
-1.199413489736070128e-05 7.467655313202259913e-07
-1.193548387096773985e-05 7.108803187352416570e-07
-1.187683284457477842e-05 6.747011083358066047e-07
-1.181818181818181530e-05 6.382398903007456663e-07
-1.175953079178885387e-05 6.015088838780173220e-07
-1.170087976539589244e-05 5.645205306492060653e-07
-1.164222873900293101e-05 5.272874876572277349e-07
-1.158357771260996958e-05 4.898226204011813293e-07
-1.152492668621700646e-05 4.521389957022029970e-07
-1.146627565982404503e-05 4.142498744440929287e-07
-1.140762463343108360e-05 3.761687041924152567e-07
-1.134897360703812217e-05 3.379091116957012906e-07
-1.129032258064515904e-05 2.994848952723191347e-07
-1.123167155425219761e-05 2.609100170865300607e-07
-1.117302052785923619e-05 2.221985953171867899e-07
-1.111436950146627476e-05 1.833648962225031089e-07
-1.105571847507331163e-05 1.444233261042804366e-07
-1.099706744868035020e-05 1.053884231749662387e-07
-1.093841642228738877e-05 6.627484933088850843e-08
-1.087976539589442734e-05 2.709738183501884375e-08
-1.082111436950146422e-05 -1.212909508738774343e-08
-1.076246334310850279e-05 -5.138959873691632467e-08
-1.070381231671554136e-05 -9.066905650849203067e-08
-1.064516129032257993e-05 -1.299523145368405869e-07
-1.058651026392961850e-05 -1.692241464154581006e-07
-1.052785923753665538e-05 -2.084692619855791148e-07
-1.046920821114369395e-05 -2.476723161915831601e-07
-1.041055718475073252e-05 -2.868179179992063184e-07
-1.035190615835777109e-05 -3.258906393728515722e-07
-1.029325513196480797e-05 -3.648750243082051910e-07
-1.023460410557184654e-05 -4.037555979162768051e-07
-1.017595307917888511e-05 -4.425168755548769515e-07
-1.011730205278592368e-05 -4.811433720034489414e-07
-1.005865102639296055e-05 -5.196196106770433394e-07
-9.999999999999999124e-06 -5.579301328751175120e-07
-9.941348973607037694e-06 -5.960595070607162383e-07
-9.882697947214076265e-06 -6.339923381654474901e-07
-9.824046920821114835e-06 -6.717132769155512915e-07
-9.765395894428151712e-06 -7.092070291742121300e-07
-9.706744868035190282e-06 -7.464583652951166816e-07
-9.648093841642228853e-06 -7.834521294821353735e-07
-9.589442815249267423e-06 -8.201732491498491793e-07
-9.530791788856304299e-06 -8.566067442794856015e-07
-9.472140762463342870e-06 -8.927377367647111172e-07
-9.413489736070381440e-06 -9.285514597415568958e-07
-9.354838709677416623e-06 -9.640332668966144173e-07
-9.296187683284453499e-06 -9.991686417475048420e-07
-9.237536656891492070e-06 -1.033943206889473946e-06
-9.178885630498530640e-06 -1.068342733201836209e-06
-9.120234604105569210e-06 -1.102353149007851581e-06
-9.061583577712606087e-06 -1.135960549181492845e-06
-9.002932551319644657e-06 -1.169151204194442750e-06
-8.944281524926683228e-06 -1.201911569096530860e-06
-8.885630498533721798e-06 -1.234228292422725245e-06
-8.826979472140760369e-06 -1.266088225019675090e-06
-8.768328445747797245e-06 -1.297478428784713514e-06
-8.709677419354835815e-06 -1.328386185310143685e-06
-8.651026392961874386e-06 -1.358799004425546604e-06
-8.592375366568912956e-06 -1.388704632630776550e-06
-8.533724340175949833e-06 -1.418091061412267134e-06
-8.475073313782988403e-06 -1.446946535435201929e-06
-8.416422287390026974e-06 -1.475259560604078628e-06
-8.357771260997065544e-06 -1.503018911984154812e-06
-8.299120234604102420e-06 -1.530213641576271257e-06
-8.240469208211140991e-06 -1.556833085937507202e-06
-8.181818181818179561e-06 -1.582866873640166244e-06
-8.123167155425218132e-06 -1.608304932561587733e-06
-8.064516129032256702e-06 -1.633137496997316862e-06
-8.005865102639293579e-06 -1.657355114590213851e-06
-7.947214076246332149e-06 -1.680948653068130736e-06
-7.888563049853370720e-06 -1.703909306782870400e-06
-7.829912023460409290e-06 -1.726228603043199297e-06
-7.771260997067446166e-06 -1.747898408234809150e-06
-7.712609970674484737e-06 -1.768910933720204029e-06
-7.653958944281523307e-06 -1.789258741511630249e-06
-7.595307917888561031e-06 -1.808934749710288697e-06
-7.536656891495599601e-06 -1.827932237705214696e-06
-7.478005865102637325e-06 -1.846244851125370155e-06
-7.419354838709675895e-06 -1.863866606538676794e-06
-7.360703812316713618e-06 -1.880791895891859401e-06
-7.302052785923752189e-06 -1.897015490685225806e-06
-7.243401759530790759e-06 -1.912532545876648297e-06
-7.184750733137828483e-06 -1.927338603509283761e-06
-7.126099706744867053e-06 -1.941429596057757011e-06
-7.067448680351904777e-06 -1.954801849487797531e-06
-7.008797653958943347e-06 -1.967452086024548552e-06
-6.950146627565981071e-06 -1.979377426625047330e-06
-6.891495601173019641e-06 -1.990575393150611397e-06
-6.832844574780057364e-06 -2.001043910235190794e-06
-6.774193548387095935e-06 -2.010781306845980121e-06
-6.715542521994133658e-06 -2.019786317532917916e-06
-6.656891495601172229e-06 -2.028058083363992290e-06
-6.598240469208209952e-06 -2.035596152543574137e-06
-6.539589442815248523e-06 -2.042400480711328706e-06
-6.480938416422287093e-06 -2.048471430919584573e-06
-6.422287390029324816e-06 -2.053809773287347367e-06
-6.363636363636363387e-06 -2.058416684329518283e-06
-6.304985337243401110e-06 -2.062293745960188719e-06
-6.246334310850439681e-06 -2.065442944169257601e-06
-6.187683284457477404e-06 -2.067866667371943212e-06
-6.129032258064515975e-06 -2.069567704431143375e-06
-6.070381231671553698e-06 -2.070549242352950184e-06
-6.011730205278592269e-06 -2.070814863655988859e-06
-5.953079178885629992e-06 -2.070368543415606495e-06
-5.894428152492668562e-06 -2.069214645984340905e-06
-5.835777126099706286e-06 -2.067357921390427588e-06
-5.777126099706744856e-06 -2.064803501416515330e-06
-5.718475073313782580e-06 -2.061556895361101056e-06
-5.659824046920821150e-06 -2.057623985485612116e-06
-5.601173020527859721e-06 -2.053011022150384810e-06
-5.542521994134894056e-06 -2.047724618643217383e-06
-5.483870967741931779e-06 -2.041771745704518782e-06
-5.425219941348970350e-06 -2.035159725753445470e-06
-5.366568914956008920e-06 -2.027896226819816258e-06
-5.307917888563046644e-06 -2.019989256186933103e-06
-5.249266862170085214e-06 -2.011447153750826705e-06
-5.190615835777122937e-06 -2.002278585101785417e-06
-5.131964809384161508e-06 -1.992492534334428305e-06
-5.073313782991199231e-06 -1.982098296592867801e-06
-5.014662756598237802e-06 -1.971105470357941517e-06
-4.956011730205275525e-06 -1.959523949483764224e-06
-4.897360703812314096e-06 -1.947363914991254652e-06
-4.838709677419351819e-06 -1.934635826626561088e-06
-4.780058651026390390e-06 -1.921350414192699415e-06
-4.721407624633428113e-06 -1.907518668662990379e-06
-4.662756598240466683e-06 -1.893151833085217881e-06
-4.604105571847504407e-06 -1.878261393285725928e-06
-4.545454545454542977e-06 -1.862859068382962813e-06
-4.486803519061581548e-06 -1.846956801120279055e-06
-4.428152492668619271e-06 -1.830566748028042689e-06
-4.369501466275657842e-06 -1.813701269425413767e-06
-4.310850439882695565e-06 -1.796372919272357924e-06
-4.252199413489734135e-06 -1.778594434882743364e-06
-4.193548387096771859e-06 -1.760378726509555780e-06
-4.134897360703810429e-06 -1.741738866813532311e-06
-4.076246334310848153e-06 -1.722688080226661357e-06
-4.017595307917886723e-06 -1.703239732222226060e-06
-3.958944281524924447e-06 -1.683407318503224944e-06
-3.900293255131963017e-06 -1.663204454121155014e-06
-3.841642228739000740e-06 -1.642644862537292115e-06
-3.782991202346039311e-06 -1.621742364638734854e-06
-3.724340175953077458e-06 -1.600510867721567778e-06
-3.665689149560115605e-06 -1.578964354453612100e-06
-3.607038123167153752e-06 -1.557116871829283360e-06
-3.548387096774191899e-06 -1.534982520129148841e-06
-3.489736070381230046e-06 -1.512575441896804486e-06
-3.431085043988268193e-06 -1.489909810945702470e-06
-3.372434017595306339e-06 -1.466999821408566110e-06
-3.313782991202344910e-06 -1.443859676842001256e-06
-3.255131964809383057e-06 -1.420503579398865440e-06
-3.196480938416421204e-06 -1.396945719080903141e-06
-3.137829912023459351e-06 -1.373200263084043921e-06
-3.079178885630497498e-06 -1.349281345248692398e-06
-3.020527859237535645e-06 -1.325203055627162252e-06
-2.961876832844573792e-06 -1.300979430180310276e-06
-2.903225806451611938e-06 -1.276624440615191472e-06
-2.844574780058650085e-06 -1.252151984375424851e-06
-2.785923753665688232e-06 -1.227575874795699203e-06
-2.727272727272726379e-06 -1.202909831431625476e-06
-2.668621700879764526e-06 -1.178167470575890662e-06
-2.609970674486802673e-06 -1.153362295971371203e-06
-2.551319648093841244e-06 -1.128507689731575917e-06
-2.492668621700879391e-06 -1.103616903478459180e-06
-2.434017595307917537e-06 -1.078703049707295897e-06
-2.375366568914955684e-06 -1.053779093387954903e-06
-2.316715542521993831e-06 -1.028857843811522864e-06
-2.258064516129031978e-06 -1.003951946690823348e-06
-2.199413489736070125e-06 -9.790738765229420179e-07
-2.140762463343108272e-06 -9.542359292214655549e-07
-2.082111436950146419e-06 -9.294502150256390392e-07
-2.023460410557184566e-06 -9.047286516932064228e-07
-1.964809384164222713e-06 -8.800829579831944030e-07
-1.906158357771261072e-06 -8.555246474343958138e-07
-1.847507331378295619e-06 -8.310650224447994845e-07
-1.788856304985333766e-06 -8.067151686566696063e-07
-1.730205278592371913e-06 -7.824859496514470939e-07
-1.671554252199410059e-06 -7.583880019580845831e-07
-1.612903225806448418e-06 -7.344317303778662896e-07
-1.554252199413486565e-06 -7.106273036281977123e-07
-1.495601173020524712e-06 -6.869846503072624271e-07
-1.436950146627562859e-06 -6.635134551808689336e-07
-1.378299120234601006e-06 -6.402231557922232002e-07
-1.319648093841639153e-06 -6.171229393947652938e-07
-1.260997067448677300e-06 -5.942217402076258231e-07
-1.202346041055715658e-06 -5.715282369926543122e-07
-1.143695014662753805e-06 -5.490508509514038931e-07
-1.085043988269791952e-06 -5.267977439398425036e-07
-1.026392961876830099e-06 -5.047768169979998298e-07
-9.677419354838682462e-07 -4.829957091911768938e-07
-9.090909090909064990e-07 -4.614617967587741334e-07
-8.504398826979446460e-07 -4.401821925662378448e-07
-7.917888563049827929e-07 -4.191637458550808541e-07
-7.331378299120210457e-07 -3.984130422853868428e-07
-6.744868035190591927e-07 -3.779364042646991591e-07
-6.158357771260973396e-07 -3.577398915566805888e-07
-5.571847507331354865e-07 -3.378293021624358366e-07
-4.985337243401737393e-07 -3.182101734669346753e-07
-4.398826979472118863e-07 -2.988877836424956164e-07
-3.812316715542500862e-07 -2.798671533008888931e-07
-3.225806451612882331e-07 -2.611530473851774540e-07
-2.639296187683264330e-07 -2.427499772920529856e-07
-2.052785923753646064e-07 -2.246622032150527968e-07
-1.466275659824027798e-07 -2.068937366987050852e-07
-8.797653958944095318e-08 -1.894483433933498090e-07
-2.932551319647913320e-08 -1.723295460000934146e-07
2.932551319648268677e-08 -1.555406273951069090e-07
8.797653958944451337e-08 -1.390846339222577545e-07
1.466275659824063267e-07 -1.229643788428602080e-07
2.052785923753681533e-07 -1.071824459311842803e-07
2.639296187683299799e-07 -9.174119320421601661e-08
3.225806451612917800e-07 -7.664275677407754467e-08
3.812316715542536331e-07 -6.188905481143182477e-08
4.398826979472154332e-07 -4.748179160818313337e-08
4.985337243401772334e-07 -3.342246172775943660e-08
5.571847507331390864e-07 -1.971235423131583890e-08
6.158357771261009395e-07 -6.352556968240028260e-09
6.744868035190626867e-07 6.656039080544355710e-09
7.331378299120245397e-07 1.931273541786886212e-08
7.917888563049863928e-07 3.161702161542540775e-08
8.504398826979482459e-07 4.356857087973026510e-08
9.090909090909099931e-07 5.516723560975093998e-08
9.677419354838718461e-07 6.641304295676833602e-08
1.026392961876833699e-06 7.730619039674989355e-08
1.085043988269795552e-06 8.784704132521354438e-08
1.143695014662757405e-06 9.803612068421529845e-08
1.202346041055719047e-06 1.078741106307423619e-07
1.260997067448680900e-06 1.173618462553905446e-07
1.319648093841642753e-06 1.265003113598161460e-07
1.378299120234604606e-06 1.352906343009901529e-07
1.436950146627566459e-06 1.437340839098579022e-07
1.495601173020528312e-06 1.518320654915065412e-07
1.554252199413490165e-06 1.595861169134689253e-07
1.612903225806451806e-06 1.669979047882722799e-07
1.671554252199413659e-06 1.740692207558254180e-07
1.730205278592375512e-06 1.808019778706909241e-07
1.788856304985337366e-06 1.871982070987525964e-07
1.847507331378299219e-06 1.932600539272249496e-07
1.906158357771261072e-06 1.989897750913850759e-07
1.964809384164226525e-06 2.043897354208457629e-07
2.023460410557184566e-06 2.094624048076043936e-07
2.082111436950149807e-06 2.142103552975370527e-07
2.140762463343108272e-06 2.186362583064232571e-07
2.199413489736073513e-06 2.227428819610177374e-07
2.258064516129031978e-06 2.265330885651227892e-07
2.316715542521997219e-06 2.300098321900365589e-07
2.375366568914955684e-06 2.331761563882147937e-07
2.434017595307920926e-06 2.360351920284287457e-07
2.492668621700879391e-06 2.385901552501671054e-07
2.551319648093844632e-06 2.408443455345198403e-07
2.609970674486802673e-06 2.428011438882686228e-07
2.668621700879768338e-06 2.444640111374214588e-07
2.727272727272726379e-06 2.458364863259650072e-07
2.785923753665692044e-06 2.469221852151566142e-07
2.844574780058650085e-06 2.477247988782500668e-07
2.903225806451615327e-06 2.482480923851487168e-07
2.961876832844573792e-06 2.484959035710957083e-07
3.020527859237539033e-06 2.484721418831630169e-07
3.079178885630497498e-06 2.481807872979705064e-07
3.137829912023462739e-06 2.476258893037714964e-07
3.196480938416421204e-06 2.468115659397691687e-07
3.255131964809386445e-06 2.457420028852898108e-07
3.313782991202344910e-06 2.444214525912351784e-07
3.372434017595310151e-06 2.428542334460521394e-07
3.431085043988268193e-06 2.410447289683173630e-07
3.489736070381233857e-06 2.389973870179229064e-07
3.548387096774191899e-06 2.367167190177680524e-07
3.607038123167157563e-06 2.342072991778167003e-07
3.665689149560115605e-06 2.314737637133637226e-07
3.724340175953080846e-06 2.285208100493796494e-07
3.782991202346039311e-06 2.253531960028499905e-07
3.841642228739004976e-06 2.219757389351154843e-07
3.900293255131969793e-06 2.183933148663318945e-07
3.958944281524928682e-06 2.146108575443269822e-07
4.017595307917893499e-06 2.106333574603041755e-07
4.076246334310851541e-06 2.064658608040607547e-07
4.134897360703817206e-06 2.021134683516271280e-07
4.193548387096775247e-06 1.975813342785045602e-07
4.252199413489740912e-06 1.928746648919802315e-07
4.310850439882698953e-06 1.879987172763203261e-07
4.369501466275664618e-06 1.829587978449917787e-07
4.428152492668622659e-06 1.777602607944460334e-07
4.486803519061588324e-06 1.724085064543862720e-07
4.545454545454546365e-06 1.669089795298683481e-07
4.604105571847512030e-06 1.612671672310165444e-07
4.662756598240470072e-06 1.554885972866028265e-07
4.721407624633435736e-06 1.495788358382032137e-07
4.780058651026393778e-06 1.435434852121451086e-07
4.838709677419359442e-06 1.373881815669471903e-07
4.897360703812317484e-06 1.311185924144881877e-07
4.956011730205283149e-06 1.247404140136453404e-07
5.014662756598241190e-06 1.182593686356852023e-07
5.073313782991206855e-06 1.116812017012268866e-07
5.131964809384164896e-06 1.050116787891342459e-07
5.190615835777129714e-06 9.825658251823892081e-08
5.249266862170088602e-06 9.142170930334719426e-08
5.307917888563053420e-06 8.451286598750126200e-08
5.366568914956012308e-06 7.753586635304066283e-08
5.425219941348977126e-06 7.049652751450334065e-08
5.483870967741936014e-06 6.340066619695448895e-08
5.542521994134900832e-06 5.625409490383797327e-08
5.601173020527859721e-06 4.906261797894996534e-08
5.659824046920824538e-06 4.183202756762132766e-08
5.718475073313782580e-06 3.456809948268129886e-08
5.777126099706748244e-06 2.727658898122173750e-08
5.835777126099706286e-06 1.996322645863178028e-08
5.894428152492671951e-06 1.263371306679473057e-08
5.953079178885629992e-06 5.293716263733960786e-09
6.011730205278595657e-06 -2.051134697617831069e-09
6.070381231671553698e-06 -9.395253333507106773e-09
6.129032258064519363e-06 -1.673310053794240970e-08
6.187683284457477404e-06 -2.405918922711456821e-08
6.246334310850443069e-06 -3.136808901072565259e-08
6.304985337243401110e-06 -3.865443088102168744e-08
6.363636363636366775e-06 -4.591291191013936054e-08
6.422287390029324816e-06 -5.313829994615619882e-08
6.480938416422290481e-06 -6.032543829809719834e-08
6.539589442815248523e-06 -6.746925039999317800e-08
6.598240469208214187e-06 -7.456474444402203363e-08
6.656891495601172229e-06 -8.160701797266002298e-08
6.715542521994137893e-06 -8.859126241977009963e-08
6.774193548387095935e-06 -9.551276759052129276e-08
6.832844574780060753e-06 -1.023669260700825554e-07
6.891495601173019641e-06 -1.091492375510827652e-07
6.950146627565984459e-06 -1.158553130699291058e-07
7.008797653958943347e-06 -1.224808791421922492e-07
7.067448680351908165e-06 -1.290217817874265259e-07
7.126099706744867053e-06 -1.354739904339701864e-07
7.184750733137831871e-06 -1.418336016945057193e-07
7.243401759530790759e-06 -1.480968430033704422e-07
7.302052785923755577e-06 -1.542600761069161422e-07
7.360703812316713618e-06 -1.603198003984866878e-07
7.419354838709679283e-06 -1.662726560899304067e-07
7.478005865102637325e-06 -1.721154272118968757e-07
7.536656891495602989e-06 -1.778450444355623834e-07
7.595307917888568654e-06 -1.834585877088087236e-07
7.653958944281526695e-06 -1.889532887003181294e-07
7.712609970674491513e-06 -1.943265330454709425e-07
7.771260997067449555e-06 -1.995758623884135379e-07
7.829912023460416066e-06 -2.046989762151124255e-07
7.888563049853374108e-06 -2.096937334727462493e-07
7.947214076246338925e-06 -2.145581539712503095e-07
8.005865102639296967e-06 -2.192904195633825887e-07
8.064516129032263479e-06 -2.238888751001982509e-07
8.123167155425221520e-06 -2.283520291593717420e-07
8.181818181818186338e-06 -2.326785545443395415e-07
8.240469208211144379e-06 -2.368672885528137090e-07
8.299120234604110891e-06 -2.409172330137615167e-07
8.357771260997068932e-06 -2.448275540925257735e-07
8.416422287390033750e-06 -2.485975818643017280e-07
8.475073313782991791e-06 -2.522268096567869067e-07
8.533724340175958303e-06 -2.557148931633428587e-07
8.592375366568916344e-06 -2.590616493286003881e-07
8.651026392961881162e-06 -2.622670550089706509e-07
8.709677419354839204e-06 -2.653312454110798833e-07
8.768328445747804021e-06 -2.682545123116786825e-07
8.826979472140763757e-06 -2.710373020631057849e-07
8.885630498533728574e-06 -2.736802133888980034e-07
8.944281524926686616e-06 -2.761839949746399544e-07
9.002932551319651434e-06 -2.785495428596240878e-07
9.061583577712611169e-06 -2.807778976353886346e-07
9.120234604105575987e-06 -2.828702414576069741e-07
9.178885630498534028e-06 -2.848278948782804431e-07
9.237536656891498846e-06 -2.866523135055697881e-07
9.296187683284456887e-06 -2.883450844989986161e-07
9.354838709677423399e-06 -2.899079229081404577e-07
9.413489736070381440e-06 -2.913426678632282702e-07
9.472140762463346258e-06 -2.926512786264627558e-07
9.530791788856304299e-06 -2.938358305130820057e-07
9.589442815249270811e-06 -2.948985106915270372e-07
9.648093841642228853e-06 -2.958416138722786142e-07
9.706744868035193670e-06 -2.966675378951601761e-07
9.765395894428151712e-06 -2.973787792250895804e-07
9.824046920821118223e-06 -2.979779283664128740e-07
9.882697947214076265e-06 -2.984676652060997378e-07
9.941348973607041083e-06 -2.988507542961610348e-07
9.999999999999999124e-06 -2.991300400857514900e-07
1.005865102639296564e-05 -2.993084421134309575e-07
1.011730205278592368e-05 -2.993889501700947894e-07
1.017595307917888849e-05 -2.993746194430646573e-07
1.023460410557184654e-05 -2.992685656517864414e-07
1.029325513196481305e-05 -2.990739601854980009e-07
1.035190615835777109e-05 -2.987940252531603933e-07
1.041055718475073591e-05 -2.984320290557755920e-07
1.046920821114369395e-05 -2.979912809910966497e-07
1.052785923753665877e-05 -2.974751269005237022e-07
1.058651026392961850e-05 -2.968869443677913793e-07
1.064516129032258332e-05 -2.962301380788056399e-07
1.070381231671554136e-05 -2.955081352517231983e-07
1.076246334310850618e-05 -2.947243811461116398e-07
1.082111436950146422e-05 -2.938823346596790842e-07
1.087976539589443073e-05 -2.929854640207653188e-07
1.093841642228738877e-05 -2.920372425844310954e-07
1.099706744868035359e-05 -2.910411447395945585e-07
1.105571847507331163e-05 -2.900006419342947830e-07
1.111436950146627814e-05 -2.889191988257443869e-07
1.117302052785923619e-05 -2.878002695614165536e-07
1.123167155425220100e-05 -2.866472941969600619e-07
1.129032258064516751e-05 -2.854636952563008670e-07
1.134897360703812556e-05 -2.842528744388103058e-07
1.140762463343109037e-05 -2.830182094779466162e-07
1.146627565982404842e-05 -2.817630511552906857e-07
1.152492668621701323e-05 -2.804907204734023304e-07
1.158357771260997297e-05 -2.792045059904187859e-07
1.164222873900293779e-05 -2.779076613188098777e-07
1.170087976539589583e-05 -2.766034027901934178e-07
1.175953079178886065e-05 -2.752949072876001752e-07
1.181818181818182038e-05 -2.739853102460522856e-07
1.187683284457478520e-05 -2.726777038218224504e-07
1.193548387096774324e-05 -2.713751352302045694e-07
1.199413489736070806e-05 -2.700806052511314695e-07
1.205278592375366610e-05 -2.687970669014585953e-07
1.211143695014663261e-05 -2.675274242722406113e-07
1.217008797653959065e-05 -2.662745315288227726e-07
1.222873900293255547e-05 -2.650411920710989190e-07
1.228739002932551351e-05 -2.638301578507968319e-07
1.234604105571848002e-05 -2.626441288422013327e-07
1.240469208211143806e-05 -2.614857526622720758e-07
1.246334310850440288e-05 -2.603576243356646982e-07
1.252199413489736092e-05 -2.592622861997652438e-07
1.258064516129032744e-05 -2.582022279444180733e-07
1.263929618768328548e-05 -2.571798867806539273e-07
1.269794721407625029e-05 -2.561976477323598457e-07
1.275659824046920834e-05 -2.552578440444585740e-07
1.281524926686217485e-05 -2.543627577008738169e-07
1.287390029325513289e-05 -2.535146200452121060e-07
1.293255131964809771e-05 -2.527156124968314302e-07
1.299120234604105575e-05 -2.519678673546962021e-07
1.304985337243402057e-05 -2.512734686811814409e-07
1.310850439882698030e-05 -2.506344532577699880e-07
1.316715542521994512e-05 -2.500528116044114488e-07
1.322580645161290316e-05 -2.495304890541303936e-07
1.328445747800586798e-05 -2.490693868743544076e-07
1.334310850439882771e-05 -2.486713634263063192e-07
1.340175953079179253e-05 -2.483382353537374383e-07
1.346041055718475057e-05 -2.480717787922078016e-07
1.351906158357771539e-05 -2.478737305901070887e-07
1.357771260997067343e-05 -2.477457895325987027e-07
1.363636363636363994e-05 -2.476896175597034931e-07
1.369501466275659798e-05 -2.477068409697934434e-07
1.375366568914956280e-05 -2.477990515998487558e-07
1.381231671554252084e-05 -2.479678079739437899e-07
1.387096774193548736e-05 -2.482146364115601330e-07
1.392961876832844540e-05 -2.485410320875070918e-07
1.398826979472141021e-05 -2.489484600353932068e-07
1.404692082111436826e-05 -2.494383560868406840e-07
1.410557184750733477e-05 -2.500121277388588855e-07
1.416422287390029281e-05 -2.506711549420691551e-07
1.422287390029325763e-05 -2.514167908027630481e-07
1.428152492668621567e-05 -2.522503621921040435e-07
1.434017595307918218e-05 -2.531731702561027885e-07
1.439882697947214022e-05 -2.541864908203822744e-07
1.445747800586510504e-05 -2.552915746841093863e-07
1.451612903225806308e-05 -2.564896477978954865e-07
1.457478005865102959e-05 -2.577819113208728290e-07
1.463343108504398763e-05 -2.591695415526063461e-07
1.469208211143695245e-05 -2.606536897359480001e-07
1.475073313782991049e-05 -2.622354817274356701e-07
1.480938416422287531e-05 -2.639160175322955163e-07
1.486803519061583505e-05 -2.656963707016326127e-07
1.492668621700879986e-05 -2.675775875899051372e-07
1.498533724340175791e-05 -2.695606864712828188e-07
1.504398826979472272e-05 -2.716466565140552629e-07
1.510263929618768923e-05 -2.738364566127581172e-07
1.516129032258064728e-05 -2.761310140782662652e-07
1.521994134897361209e-05 -2.785312231866317814e-07
1.527859237536657183e-05 -2.810379435880079261e-07
1.533724340175953495e-05 -2.836519985775539386e-07
1.539589442815249469e-05 -2.863741732307701952e-07
1.545454545454546120e-05 -2.892052124062700649e-07
1.551319648093841755e-05 -2.921458186195427700e-07
1.557184750733138406e-05 -2.951966497918036100e-07
1.563049853372434041e-05 -2.983583168785771544e-07
1.568914956011730692e-05 -3.016313813831774446e-07
1.574780058651026665e-05 -3.050163527607812393e-07
1.580645161290322978e-05 -3.085136857192917244e-07
1.586510263929618951e-05 -3.121237774236913409e-07
1.592375366568915264e-05 -3.158469646110652492e-07
1.598240469208211237e-05 -3.196835206239395815e-07
1.604105571847507888e-05 -3.236336523700313256e-07
1.609970674486803523e-05 -3.276974972169328429e-07
1.615835777126100174e-05 -3.318751198306693365e-07
1.621700879765396148e-05 -3.361665089674456792e-07
1.627565982404692460e-05 -3.405715742282763624e-07
1.633431085043988434e-05 -3.450901427865181216e-07
1.639296187683284746e-05 -3.497219560986523250e-07
1.645161290322580720e-05 -3.544666666089437910e-07
1.651026392961877371e-05 -3.593238344588640605e-07
1.656891495601173006e-05 -3.642929242123983892e-07
1.662756598240469657e-05 -3.693733016085607089e-07
1.668621700879765291e-05 -3.745642303526004189e-07
1.674486803519061943e-05 -3.798648689575365394e-07
1.680351906158357916e-05 -3.852742676477441755e-07
1.686217008797654229e-05 -3.907913653364107245e-07
1.692082111436950202e-05 -3.964149866887002766e-07
1.697947214076246853e-05 -4.021438392824818641e-07
1.703812316715542488e-05 -4.079765108784367702e-07
1.709677419354839139e-05 -4.139114668113116647e-07
1.715542521994134774e-05 -4.199470475139642731e-07
1.721407624633431425e-05 -4.260814661857332407e-07
1.727272727272727399e-05 -4.323128066164805836e-07
1.733137829912023711e-05 -4.386390211774547371e-07
1.739002932551319685e-05 -4.450579289898861565e-07
1.744868035190615997e-05 -4.515672142819501283e-07
1.750733137829911970e-05 -4.581644249444156653e-07
1.756598240469208622e-05 -4.648469712949763195e-07
1.762463343108504256e-05 -4.716121250608585280e-07
1.768328445747800908e-05 -4.784570185889229433e-07
1.774193548387096881e-05 -4.853786442920092887e-07
1.780058651026393193e-05 -4.923738543398225894e-07
1.785923753665689167e-05 -4.994393606021548606e-07
1.791788856304985479e-05 -5.065717348517066693e-07
1.797653958944281453e-05 -5.137674092332152741e-07
1.803519061583578104e-05 -5.210226770050248766e-07
1.809384164222873739e-05 -5.283336935586125338e-07
1.815249266862170390e-05 -5.356964777209706661e-07
1.821114369501466025e-05 -5.431069133440811111e-07
1.826979472140762676e-05 -5.505607511850552047e-07
1.832844574780058649e-05 -5.580536110798151409e-07
1.838709677419354962e-05 -5.655809844124974043e-07
1.844574780058650935e-05 -5.731382368820167472e-07
1.850439882697947587e-05 -5.807206115665237139e-07
1.856304985337243221e-05 -5.883232322857114538e-07
1.862170087976539872e-05 -5.959411072601962595e-07
1.868035190615835507e-05 -6.035691330664229232e-07
1.873900293255132158e-05 -6.112020988847770075e-07
1.879765395894428132e-05 -6.188346910378280279e-07
1.885630498533724444e-05 -6.264614978148368445e-07
1.891495601173021095e-05 -6.340770145779089195e-07
1.897360703812316730e-05 -6.416756491443983705e-07
1.903225806451613381e-05 -6.492517274394055262e-07
1.909090909090909355e-05 -6.567994994114657235e-07
1.914956011730205667e-05 -6.643131452037723812e-07
1.920821114369501641e-05 -6.717867815725552875e-07
1.926686217008798292e-05 -6.792144685435059566e-07
1.932551319648093927e-05 -6.865902162964568714e-07
1.938416422287390578e-05 -6.939079922678158497e-07
1.944281524926686213e-05 -7.011617284596180053e-07
1.950146627565982864e-05 -7.083453289433905217e-07
1.956011730205278837e-05 -7.154526775464354999e-07
1.961876832844575150e-05 -7.224776457075204553e-07
1.967741935483871123e-05 -7.294141004884177938e-07
1.973607038123167774e-05 -7.362559127271986405e-07
1.979472140762463409e-05 -7.429969653186771126e-07
1.985337243401760060e-05 -7.496311616069356873e-07
1.991202346041055695e-05 -7.561524338744296879e-07
1.997067448680352346e-05 -7.625547519117592724e-07
2.002932551319648320e-05 -7.688321316518437708e-07
2.008797653958944632e-05 -7.749786438518993858e-07
2.014662756598240606e-05 -7.809884228063409027e-07
2.020527859237536918e-05 -7.868556750734790236e-07
2.026392961876832892e-05 -7.925746881986817634e-07
2.032258064516129543e-05 -7.981398394164967116e-07
2.038123167155425178e-05 -8.035456043141312282e-07
2.043988269794721829e-05 -8.087865654385742429e-07
2.049853372434017802e-05 -8.138574208296516935e-07
2.055718475073314115e-05 -8.187529924612741817e-07
2.061583577712610088e-05 -8.234682345732245715e-07
2.067448680351906401e-05 -8.279982418758969991e-07
2.073313782991202374e-05 -8.323382576105715546e-07
2.079178885630499025e-05 -8.364836814479568107e-07
2.085043988269794660e-05 -8.404300772079967524e-07
2.090909090909091311e-05 -8.441731803841709620e-07
2.096774193548386946e-05 -8.477089054558587958e-07
2.102639296187683597e-05 -8.510333529726702219e-07
2.108504398826979571e-05 -8.541428163950481148e-07
2.114369501466275883e-05 -8.570337886758795328e-07
2.120234604105571857e-05 -8.597029685683197953e-07
2.126099706744868508e-05 -8.621472666455438297e-07
2.131964809384164142e-05 -8.643638110186853873e-07
2.137829912023460794e-05 -8.663499527397986919e-07
2.143695014662756428e-05 -8.681032708772974358e-07
2.149560117302053080e-05 -8.696215772519496630e-07
2.155425219941349053e-05 -8.709029208222172121e-07
2.161290322580645365e-05 -8.719455917083806054e-07
2.167155425219941339e-05 -8.727481248456657309e-07
2.173020527859237651e-05 -8.733093032573053580e-07
2.178885630498533625e-05 -8.736281609392608236e-07
2.184750733137830276e-05 -8.737039853491219386e-07
2.190615835777125911e-05 -8.735363194925104969e-07
2.196480938416422562e-05 -8.731249636011459295e-07
2.202346041055718536e-05 -8.724699763975786793e-07
2.208211143695014848e-05 -8.715716759424351182e-07
2.214076246334310821e-05 -8.704306400609207653e-07
2.219941348973607134e-05 -8.690477063461411849e-07
2.225806451612903107e-05 -8.674239717377434356e-07
2.231671554252199758e-05 -8.655607916752015013e-07
2.237536656891495393e-05 -8.634597788259993914e-07
2.243401759530792044e-05 -8.611228013898049002e-07
2.249266862170087679e-05 -8.585519809806291055e-07
2.255131964809384330e-05 -8.557496900898193309e-07
2.260997067448680981e-05 -8.527185491336045772e-07
2.266862170087976616e-05 -8.494614230897522576e-07
2.272727272727273267e-05 -8.459814177287453924e-07
2.278592375366569241e-05 -8.422818754456948347e-07
2.284457478005865553e-05 -8.383663707000297141e-07
2.290322580645161527e-05 -8.342387050707730953e-07
2.296187683284457839e-05 -8.299029019359941987e-07
2.302052785923753813e-05 -8.253632007857692657e-07
2.307917888563050464e-05 -8.206240511786975117e-07
2.313782991202346099e-05 -8.156901063527196412e-07
2.319648093841642750e-05 -8.105662165016619033e-07
2.325513196480938723e-05 -8.052574217295447798e-07
2.331378299120235036e-05 -7.997689446953301421e-07
2.337243401759531009e-05 -7.941061829613494955e-07
2.343108504398827322e-05 -7.882747010591842667e-07
2.348973607038123295e-05 -7.822802222873175452e-07
2.354838709677419946e-05 -7.761286202553114259e-07
2.360703812316715581e-05 -7.698259101897400308e-07
2.366568914956012232e-05 -7.633782400174875431e-07
2.372434017595307867e-05 -7.567918812424127659e-07
2.378299120234604518e-05 -7.500732196316863310e-07
2.384164222873900492e-05 -7.432287457284227308e-07
2.390029325513196804e-05 -7.362650452074654606e-07
2.395894428152492778e-05 -7.291887890914127828e-07
2.401759530791789429e-05 -7.220067238441431510e-07
2.407624633431085064e-05 -7.147256613592250102e-07
2.413489736070381715e-05 -7.073524688607301552e-07
2.419354838709677349e-05 -6.998940587339846534e-07
2.425219941348974001e-05 -6.923573783038596283e-07
2.431085043988269974e-05 -6.847493995781533802e-07
2.436950146627566287e-05 -6.770771089735896387e-07
2.442815249266862260e-05 -6.693474970418591187e-07
2.448680351906158572e-05 -6.615675482130058766e-07
2.454545454545454546e-05 -6.537442305732994483e-07
2.460410557184751197e-05 -6.458844856945594737e-07
2.466275659824046832e-05 -6.379952185316405335e-07
2.472140762463343483e-05 -6.300832874045534708e-07
2.478005865102639457e-05 -6.221554940814035391e-07
2.483870967741935769e-05 -6.142185739779888089e-07
2.489736070381231743e-05 -6.062791864895863259e-07
2.495601173020528055e-05 -5.983439054700416380e-07
2.501466275659824028e-05 -5.904192098728976325e-07
2.507331378299120680e-05 -5.825114745688704438e-07
2.513196480938416314e-05 -5.746269613535170804e-07
2.519061583577712966e-05 -5.667718101584793749e-07
2.524926686217008600e-05 -5.589520304791866727e-07
2.530791788856305251e-05 -5.511734930314001432e-07
2.536656891495601225e-05 -5.434419216484326076e-07
2.542521994134897537e-05 -5.357628854303606695e-07
2.548387096774193511e-05 -5.281417911559534314e-07
2.554252199413490162e-05 -5.205838759675000853e-07
2.560117302052785797e-05 -5.130942003381184393e-07
2.565982404692082448e-05 -5.056776413305341514e-07
2.571847507331378083e-05 -4.983388861557362021e-07
2.577712609970674734e-05 -4.910824260392750515e-07
2.583577712609970707e-05 -4.839125504023981777e-07
2.589442815249267020e-05 -4.768333413645691861e-07
2.595307917888562993e-05 -4.698486685733113130e-07
2.601173020527859306e-05 -4.629621843667085074e-07
2.607038123167155279e-05 -4.561773192732599375e-07
2.612903225806451930e-05 -4.494972778531882998e-07
2.618768328445747565e-05 -4.429250348846765687e-07
2.624633431085044216e-05 -4.364633318979133082e-07
2.630498533724340868e-05 -4.301146740592204598e-07
2.636363636363636502e-05 -4.238813274069475073e-07
2.642228739002933153e-05 -4.177653164402285037e-07
2.648093841642228788e-05 -4.117684220611310367e-07
2.653958944281525439e-05 -4.058921798701576945e-07
2.659824046920821413e-05 -4.001378788145061014e-07
2.665689149560117725e-05 -3.945065601879663176e-07
2.671554252199413699e-05 -3.889990169807876882e-07
2.677419354838710350e-05 -3.836157935773583850e-07
2.683284457478005985e-05 -3.783571857990280569e-07
2.689149560117302636e-05 -3.732232412889248511e-07
2.695014662756598271e-05 -3.682137602351639480e-07
2.700879765395894922e-05 -3.633282964283733848e-07
2.706744868035190895e-05 -3.585661586490608071e-07
2.712609970674487208e-05 -3.539264123799041248e-07
2.718475073313783181e-05 -3.494078818376679851e-07
2.724340175953079494e-05 -3.450091523190641670e-07
2.730205278592375467e-05 -3.407285728545220577e-07
2.736070381231672118e-05 -3.365642591634738998e-07
2.741935483870967753e-05 -3.325140969044703437e-07
2.747800586510264404e-05 -3.285757452131014375e-07
2.753665689149560378e-05 -3.247466405204386228e-07
2.759530791788856690e-05 -3.210240006444351102e-07
2.765395894428152664e-05 -3.174048291464790660e-07
2.771260997067448976e-05 -3.138859199450540150e-07
2.777126099706744950e-05 -3.104638621782662056e-07
2.782991202346041601e-05 -3.071350453067808361e-07
2.788856304985337236e-05 -3.038956644485581117e-07
2.794721407624633887e-05 -3.007417259365976178e-07
2.800586510263929521e-05 -2.976690530907703772e-07
2.806451612903226173e-05 -2.946732921946860311e-07
2.812316715542522146e-05 -2.917499186684330548e-07
2.818181818181818459e-05 -2.888942434279325071e-07
2.824046920821114432e-05 -2.861014194215687875e-07
2.829912023460411083e-05 -2.833664483346901484e-07
2.835777126099706718e-05 -2.806841874525258076e-07
2.841642228739003369e-05 -2.780493566720170656e-07
2.847507331378299004e-05 -2.754565456530482874e-07
2.853372434017595655e-05 -2.729002210995333290e-07
2.859237536656891629e-05 -2.703747341608214063e-07
2.865102639296187941e-05 -2.678743279438917492e-07
2.870967741935483915e-05 -2.653931451268247041e-07
2.876832844574780227e-05 -2.629252356640615609e-07
2.882697947214076200e-05 -2.604645645740108588e-07
2.888563049853372852e-05 -2.580050197995947108e-07
2.894428152492668486e-05 -2.555404201324004202e-07
2.900293255131965138e-05 -2.530645231911318861e-07
2.906158357771261111e-05 -2.505710334451673122e-07
2.912023460410557423e-05 -2.480536102740602302e-07
2.917888563049853397e-05 -2.455058760539381069e-07
2.923753665689149709e-05 -2.429214242618099808e-07
2.929618768328445683e-05 -2.402938275889040526e-07
2.935483870967742334e-05 -2.376166460542425498e-07
2.941348973607037969e-05 -2.348834351097588099e-07
2.947214076246334620e-05 -2.320877537283704977e-07
2.953079178885630255e-05 -2.292231724665153890e-07
2.958944281524926906e-05 -2.262832814927824893e-07
2.964809384164222879e-05 -2.232616985743615212e-07
2.970674486803519192e-05 -2.201520770131582727e-07
2.976539589442815165e-05 -2.169481135235342343e-07
2.982404692082111817e-05 -2.136435560437435950e-07
2.988269794721407451e-05 -2.102322114732570249e-07
2.994134897360704102e-05 -2.067079533282816365e-07
2.999999999999999737e-05 -2.030647293078991714e-07
