-2.999999999999999737e-05 0.000000000000000000e+00
-2.904761904761904524e-05 0.000000000000000000e+00
-2.809523809523809310e-05 0.000000000000000000e+00
-2.714285714285714096e-05 0.000000000000000000e+00
-2.619047619047618883e-05 0.000000000000000000e+00
-2.523809523809523669e-05 0.000000000000000000e+00
-2.428571428571428455e-05 0.000000000000000000e+00
-2.333333333333333581e-05 0.000000000000000000e+00
-2.238095238095237689e-05 0.000000000000000000e+00
-2.142857142857142815e-05 0.000000000000000000e+00
-2.047619047619047262e-05 0.000000000000000000e+00
-1.952380952380952387e-05 0.000000000000000000e+00
-1.857142857142857174e-05 0.000000000000000000e+00
-1.761904761904761960e-05 0.000000000000000000e+00
-1.666666666666666747e-05 0.000000000000000000e+00
-1.571428571428571533e-05 0.000000000000000000e+00
-1.476190476190476150e-05 0.000000000000000000e+00
-1.380952380952380936e-05 0.000000000000000000e+00
-1.285714285714285723e-05 0.000000000000000000e+00
-1.190476190476190509e-05 0.000000000000000000e+00
-1.095238095238095126e-05 0.000000000000000000e+00
-9.999999999999999124e-06 0.000000000000000000e+00
-9.047619047619046988e-06 0.000000000000000000e+00
-8.095238095238094852e-06 0.000000000000000000e+00
-7.142857142857145257e-06 0.000000000000000000e+00
-6.190476190476193120e-06 0.000000000000000000e+00
-5.238095238095240984e-06 0.000000000000000000e+00
-4.285714285714288001e-06 0.000000000000000000e+00
-3.333333333333335441e-06 0.000000000000000000e+00
-2.380952380952382882e-06 0.000000000000000000e+00
-1.428571428571430534e-06 0.000000000000000000e+00
-4.761904761904780269e-07 0.000000000000000000e+00
4.761904761904744799e-07 0.000000000000000000e+00
1.428571428571426934e-06 0.000000000000000000e+00
2.380952380952379493e-06 0.000000000000000000e+00
3.333333333333328241e-06 0.000000000000000000e+00
4.285714285714284613e-06 0.000000000000000000e+00
5.238095238095233361e-06 0.000000000000000000e+00
6.190476190476189732e-06 0.000000000000000000e+00
7.142857142857138480e-06 0.000000000000000000e+00
8.095238095238094852e-06 0.000000000000000000e+00
9.047619047619043600e-06 0.000000000000000000e+00
9.999999999999999124e-06 0.000000000000000000e+00
1.095238095238094787e-05 0.000000000000000000e+00
1.190476190476190509e-05 0.000000000000000000e+00
1.285714285714285384e-05 0.000000000000000000e+00
1.380952380952380936e-05 0.000000000000000000e+00
1.476190476190475811e-05 0.000000000000000000e+00
1.571428571428570855e-05 0.000000000000000000e+00
1.666666666666666408e-05 0.000000000000000000e+00
1.761904761904761283e-05 0.000000000000000000e+00
1.857142857142856835e-05 0.000000000000000000e+00
1.952380952380951710e-05 0.000000000000000000e+00
2.047619047619047262e-05 0.000000000000000000e+00
2.142857142857142137e-05 0.000000000000000000e+00
2.238095238095237689e-05 0.000000000000000000e+00
2.333333333333332903e-05 0.000000000000000000e+00
2.428571428571428455e-05 0.000000000000000000e+00
2.523809523809523330e-05 0.000000000000000000e+00
2.619047619047618883e-05 0.000000000000000000e+00
2.714285714285713758e-05 0.000000000000000000e+00
2.809523809523809310e-05 0.000000000000000000e+00
2.904761904761904185e-05 0.000000000000000000e+00
2.999999999999999737e-05 0.000000000000000000e+00
