-2.999999999999999737e-05 -2.629158770800251322e-07
-2.994134897360703764e-05 -2.666876131650845885e-07
-2.988269794721407451e-05 -2.703674883390798867e-07
-2.982404692082111478e-05 -2.739568442303392140e-07
-2.976539589442815165e-05 -2.774570335941417134e-07
-2.970674486803518853e-05 -2.808694199115884084e-07
-2.964809384164222879e-05 -2.841953769942764156e-07
-2.958944281524926567e-05 -2.874362885928461084e-07
-2.953079178885630255e-05 -2.905935480075950958e-07
-2.947214076246334281e-05 -2.936685576995138630e-07
-2.941348973607037969e-05 -2.966627289002258291e-07
-2.935483870967741995e-05 -2.995774812194977961e-07
-2.929618768328445683e-05 -3.024142422491040799e-07
-2.923753665689149371e-05 -3.051744471620085611e-07
-2.917888563049853397e-05 -3.078595383059739996e-07
-2.912023460410557085e-05 -3.104709647908592075e-07
-2.906158357771261111e-05 -3.130101820690320670e-07
-2.900293255131964799e-05 -3.154786515084623309e-07
-2.894428152492668486e-05 -3.178778399582253256e-07
-2.888563049853372513e-05 -3.202092193062879665e-07
-2.882697947214076200e-05 -3.224742660296000610e-07
-2.876832844574779888e-05 -3.246744607366497184e-07
-2.870967741935483915e-05 -3.268112877027874280e-07
-2.865102639296187602e-05 -3.288862343987598971e-07
-2.859237536656891629e-05 -3.309007910130132740e-07
-2.853372434017595316e-05 -3.328564499684650865e-07
-2.847507331378299004e-05 -3.347547054345486252e-07
-2.841642228739003030e-05 -3.365970528354589664e-07
-2.835777126099706718e-05 -3.383849883556280850e-07
-2.829912023460410744e-05 -3.401200084435567770e-07
-2.824046920821114432e-05 -3.418036093152302124e-07
-2.818181818181817781e-05 -3.434372864584198545e-07
-2.812316715542522146e-05 -3.450225341392552164e-07
-2.806451612903225495e-05 -3.465608449125286503e-07
-2.800586510263929521e-05 -3.480537091372325766e-07
-2.794721407624633209e-05 -3.495026144989126818e-07
-2.788856304985337236e-05 -3.509090455404402534e-07
-2.782991202346040923e-05 -3.522744832028555766e-07
-2.777126099706744611e-05 -3.536004043779515799e-07
-2.771260997067448298e-05 -3.548882814743033861e-07
-2.765395894428152325e-05 -3.561395819984291018e-07
-2.759530791788856013e-05 -3.573557681528012689e-07
-2.753665689149559700e-05 -3.585382964523850961e-07
-2.747800586510263727e-05 -3.596886173613951031e-07
-2.741935483870967414e-05 -3.608081749519027265e-07
-2.736070381231671441e-05 -3.618984065859254256e-07
-2.730205278592375128e-05 -3.629607426225448712e-07
-2.724340175953078816e-05 -3.639966061515849107e-07
-2.718475073313782842e-05 -3.650074127552947723e-07
-2.712609970674486530e-05 -3.659945702994176414e-07
-2.706744868035190557e-05 -3.669594787549547061e-07
-2.700879765395894244e-05 -3.679035300518329628e-07
-2.695014662756597932e-05 -3.688281079656069356e-07
-2.689149560117301958e-05 -3.697345880382064628e-07
-2.683284457478005646e-05 -3.706243375336491554e-07
-2.677419354838709334e-05 -3.714987154295029405e-07
-2.671554252199413360e-05 -3.723590724447773206e-07
-2.665689149560117048e-05 -3.732067511047813750e-07
-2.659824046920821074e-05 -3.740430858433528012e-07
-2.653958944281524762e-05 -3.748694031427282538e-07
-2.648093841642228449e-05 -3.756870217111689596e-07
-2.642228739002932476e-05 -3.764972526983133911e-07
-2.636363636363636163e-05 -3.773013999480679533e-07
-2.630498533724340190e-05 -3.781007602886871802e-07
-2.624633431085043878e-05 -3.788966238595377115e-07
-2.618768328445747565e-05 -3.796902744738723394e-07
-2.612903225806451592e-05 -3.804829900167659815e-07
-2.607038123167155279e-05 -3.812760428772060864e-07
-2.601173020527858967e-05 -3.820707004131531090e-07
-2.595307917888562993e-05 -3.828682254482140021e-07
-2.589442815249266681e-05 -3.836698767984042239e-07
-2.583577712609970707e-05 -3.844769098272927085e-07
-2.577712609970674395e-05 -3.852905770276680728e-07
-2.571847507331378083e-05 -3.861121286276798933e-07
-2.565982404692082109e-05 -3.869428132192453556e-07
-2.560117302052785797e-05 -3.877838784063591671e-07
-2.554252199413489823e-05 -3.886365714707640443e-07
-2.548387096774193511e-05 -3.895021400522938233e-07
-2.542521994134897199e-05 -3.903818328410481903e-07
-2.536656891495601225e-05 -3.912769002783998492e-07
-2.530791788856304913e-05 -3.921885952637108492e-07
-2.524926686217008600e-05 -3.931181738634774622e-07
-2.519061583577712627e-05 -3.940668960195133072e-07
-2.513196480938416314e-05 -3.950360262526420351e-07
-2.507331378299120341e-05 -3.960268343582766559e-07
-2.501466275659824028e-05 -3.970405960901351103e-07
-2.495601173020527716e-05 -3.980785938282694270e-07
-2.489736070381231743e-05 -3.991421172274784429e-07
-2.483870967741935091e-05 -4.002324638421138221e-07
-2.478005865102639457e-05 -4.013509397232231427e-07
-2.472140762463342805e-05 -4.024988599839054259e-07
-2.466275659824046832e-05 -4.036775493287307623e-07
-2.460410557184750520e-05 -4.048883425430358818e-07
-2.454545454545454546e-05 -4.061325849378933254e-07
-2.448680351906157895e-05 -4.074116327465440925e-07
-2.442815249266862260e-05 -4.087268534680941241e-07
-2.436950146627565609e-05 -4.100796261542999652e-07
-2.431085043988269974e-05 -4.114713416353045272e-07
-2.425219941348973323e-05 -4.129034026802222001e-07
-2.419354838709677349e-05 -4.143772240885553597e-07
-2.413489736070381037e-05 -4.158942327084950967e-07
-2.407624633431085064e-05 -4.174558673782376624e-07
-2.401759530791788412e-05 -4.190635787865901096e-07
-2.395894428152492778e-05 -4.207188292492184925e-07
-2.390029325513196126e-05 -4.224230923970643093e-07
-2.384164222873900153e-05 -4.241778527735901821e-07
-2.378299120234603841e-05 -4.259846053376775549e-07
-2.372434017595307528e-05 -4.278448548691938475e-07
-2.366568914956011555e-05 -4.297601152744244856e-07
-2.360703812316715242e-05 -4.317319087887910161e-07
-2.354838709677419269e-05 -4.337617650744794328e-07
-2.348973607038122956e-05 -4.358512202108493244e-07
-2.343108504398826644e-05 -4.380018155757426383e-07
-2.337243401759530670e-05 -4.402150966160649618e-07
-2.331378299120234358e-05 -4.424926115062815805e-07
-2.325513196480938046e-05 -4.448359096937675644e-07
-2.319648093841642072e-05 -4.472465403302240863e-07
-2.313782991202345760e-05 -4.497260505886994483e-07
-2.307917888563049786e-05 -4.522759838660428124e-07
-2.302052785923753474e-05 -4.548978778709617391e-07
-2.296187683284457162e-05 -4.575932625981633226e-07
-2.290322580645161188e-05 -4.603636581894227810e-07
-2.284457478005864876e-05 -4.632105726827249009e-07
-2.278592375366568902e-05 -4.661354996510161775e-07
-2.272727272727272590e-05 -4.691399157324263059e-07
-2.266862170087976277e-05 -4.722252780541843908e-07
-2.260997067448680304e-05 -4.753930215528146475e-07
-2.255131964809383992e-05 -4.786445561935448179e-07
-2.249266862170087679e-05 -4.819812640922372404e-07
-2.243401759530791706e-05 -4.854044965434945044e-07
-2.237536656891495393e-05 -4.889155709589563180e-07
-2.231671554252199420e-05 -4.925157677201531984e-07
-2.225806451612903107e-05 -4.962063269506428457e-07
-2.219941348973606795e-05 -4.999884452124801105e-07
-2.214076246334310821e-05 -5.038632721324337311e-07
-2.208211143695014509e-05 -5.078319069636620195e-07
-2.202346041055718536e-05 -5.118953950889198734e-07
-2.196480938416422223e-05 -5.160547244716459469e-07
-2.190615835777125911e-05 -5.203108220616000433e-07
-2.184750733137829937e-05 -5.246645501620045560e-07
-2.178885630498533625e-05 -5.291167027654192748e-07
-2.173020527859237313e-05 -5.336680018658424140e-07
-2.167155425219941339e-05 -5.383190937547755059e-07
-2.161290322580645027e-05 -5.430705453092162828e-07
-2.155425219941349053e-05 -5.479228402797749072e-07
-2.149560117302052402e-05 -5.528763755872758853e-07
-2.143695014662756428e-05 -5.579314576364154107e-07
-2.137829912023460116e-05 -5.630882986551695706e-07
-2.131964809384164142e-05 -5.683470130688175040e-07
-2.126099706744867491e-05 -5.737076139175224901e-07
-2.120234604105571857e-05 -5.791700093265524269e-07
-2.114369501466275205e-05 -5.847339990382297433e-07
-2.108504398826979571e-05 -5.903992710148177779e-07
-2.102639296187682919e-05 -5.961653981215167821e-07
-2.096774193548386946e-05 -6.020318348987690651e-07
-2.090909090909090634e-05 -6.079979144330474951e-07
-2.085043988269794660e-05 -6.140628453352376190e-07
-2.079178885630498348e-05 -6.202257088356624671e-07
-2.073313782991202374e-05 -6.264854560046930135e-07
-2.067448680351905723e-05 -6.328409051077552383e-07
-2.061583577712610088e-05 -6.392907391034025361e-07
-2.055718475073313437e-05 -6.458335032929515412e-07
-2.049853372434017802e-05 -6.524676031299485180e-07
-2.043988269794721151e-05 -6.591913021975493386e-07
-2.038123167155425178e-05 -6.660027203616144339e-07
-2.032258064516128865e-05 -6.728998321070501113e-07
-2.026392961876832892e-05 -6.798804650646484297e-07
-2.020527859237536240e-05 -6.869422987353255608e-07
-2.014662756598240606e-05 -6.940828634183448492e-07
-2.008797653958943955e-05 -7.012995393497246392e-07
-2.002932551319648320e-05 -7.085895560566548558e-07
-1.997067448680351669e-05 -7.159499919333324449e-07
-1.991202346041055695e-05 -7.233777740432106263e-07
-1.985337243401759383e-05 -7.308696781522008911e-07
-1.979472140762463409e-05 -7.384223289969173248e-07
-1.973607038123166758e-05 -7.460322007915633574e-07
-1.967741935483870784e-05 -7.536956179765850103e-07
-1.961876832844574472e-05 -7.614087562116934658e-07
-1.956011730205278499e-05 -7.691676436153549550e-07
-1.950146627565982186e-05 -7.769681622523113733e-07
-1.944281524926685874e-05 -7.848060498701542061e-07
-1.938416422287389900e-05 -7.926769018854424069e-07
-1.932551319648093588e-05 -8.005761736192837611e-07
-1.926686217008797614e-05 -8.084991827817513413e-07
-1.920821114369501302e-05 -8.164411122039473036e-07
-1.914956011730204990e-05 -8.243970128159602425e-07
-1.909090909090909016e-05 -8.323618068683930106e-07
-1.903225806451612704e-05 -8.403302913945815153e-07
-1.897360703812316391e-05 -8.482971419100668076e-07
-1.891495601173020418e-05 -8.562569163453114588e-07
-1.885630498533724105e-05 -8.642040592071245724e-07
-1.879765395894428132e-05 -8.721329059636929069e-07
-1.873900293255131820e-05 -8.800376876475939160e-07
-1.868035190615835507e-05 -8.879125356706441051e-07
-1.862170087976539534e-05 -8.957514868439130614e-07
-1.856304985337243221e-05 -9.035484885957456238e-07
-1.850439882697947248e-05 -9.112974043801460249e-07
-1.844574780058650935e-05 -9.189920192674065716e-07
-1.838709677419354623e-05 -9.266260457084202205e-07
-1.832844574780058649e-05 -9.341931294636785914e-07
-1.826979472140762337e-05 -9.416868556875512385e-07
-1.821114369501466025e-05 -9.491007551580461118e-07
-1.815249266862170051e-05 -9.564283106418875555e-07
-1.809384164222873739e-05 -9.636629633844021757e-07
-1.803519061583577765e-05 -9.707981197133850616e-07
-1.797653958944281453e-05 -9.778271577458247114e-07
-1.791788856304985141e-05 -9.847434341860949168e-07
-1.785923753665689167e-05 -9.915402912039804562e-07
-1.780058651026392855e-05 -9.982110633807006863e-07
-1.774193548387096881e-05 -1.004749084710893424e-06
-1.768328445747800230e-05 -1.011147695648387682e-06
-1.762463343108504256e-05 -1.017400250183439436e-06
-1.756598240469207944e-05 -1.023500122939040888e-06
-1.750733137829911970e-05 -1.029440716273828535e-06
-1.744868035190615319e-05 -1.035215467379072598e-06
-1.739002932551319685e-05 -1.040817855357246019e-06
-1.733137829912023033e-05 -1.046241408269678882e-06
-1.727272727272727399e-05 -1.051479710140868246e-06
-1.721407624633430747e-05 -1.056526407907097259e-06
-1.715542521994134774e-05 -1.061375218297117356e-06
-1.709677419354838462e-05 -1.066019934632820153e-06
-1.703812316715542488e-05 -1.070454433537978729e-06
-1.697947214076245837e-05 -1.074672681543334537e-06
-1.692082111436950202e-05 -1.078668741576554941e-06
-1.686217008797653551e-05 -1.082436779325831247e-06
-1.680351906158357916e-05 -1.085971069466168436e-06
-1.674486803519061265e-05 -1.089266001737730451e-06
-1.668621700879765291e-05 -1.092316086865938530e-06
-1.662756598240468979e-05 -1.095115962313375077e-06
-1.656891495601173006e-05 -1.097660397853919015e-06
-1.651026392961876693e-05 -1.099944300959958555e-06
-1.645161290322580720e-05 -1.101962721993911398e-06
-1.639296187683284068e-05 -1.103710859195772840e-06
-1.633431085043988434e-05 -1.105184063458819029e-06
-1.627565982404691783e-05 -1.106377842886103393e-06
-1.621700879765396148e-05 -1.107287867120850111e-06
-1.615835777126099497e-05 -1.107909971444371775e-06
-1.609970674486803523e-05 -1.108240160635631339e-06
-1.604105571847507211e-05 -1.108274612587110364e-06
-1.598240469208211237e-05 -1.108009681672176641e-06
-1.592375366568914586e-05 -1.107441901859681938e-06
-1.586510263929618612e-05 -1.106567989572072023e-06
-1.580645161290322300e-05 -1.105384846283855053e-06
-1.574780058651026327e-05 -1.103889560857809495e-06
-1.568914956011730014e-05 -1.102079411616900197e-06
-1.563049853372433702e-05 -1.099951868150398058e-06
-1.557184750733137728e-05 -1.097504592853293376e-06
-1.551319648093841416e-05 -1.094735442198608584e-06
-1.545454545454545104e-05 -1.091642467742802422e-06
-1.539589442815249130e-05 -1.088223916864987456e-06
-1.533724340175952818e-05 -1.084478233241206902e-06
-1.527859237536656844e-05 -1.080404057055586179e-06
-1.521994134897360532e-05 -1.076000224950657177e-06
-1.516129032258064389e-05 -1.071265769719679255e-06
-1.510263929618768246e-05 -1.066199919744285180e-06
-1.504398826979471933e-05 -1.060802098181255373e-06
-1.498533724340175791e-05 -1.055071921902700764e-06
-1.492668621700879648e-05 -1.049009200194378131e-06
-1.486803519061583505e-05 -1.042613933217322201e-06
-1.480938416422287192e-05 -1.035886310238381966e-06
-1.475073313782991049e-05 -1.028826707635657782e-06
-1.469208211143694906e-05 -1.021435686685229896e-06
-1.463343108504398763e-05 -1.013713991135911056e-06
-1.457478005865102451e-05 -1.005662544579137639e-06
-1.451612903225806308e-05 -9.972824476213936699e-07
-1.445747800586510165e-05 -9.885749748669079480e-07
-1.439882697947214022e-05 -9.795415717186100764e-07
-1.434017595307917710e-05 -9.701838510056130916e-07
-1.428152492668621567e-05 -9.605035894457175784e-07
-1.422287390029325424e-05 -9.505027239516424417e-07
-1.416422287390029281e-05 -9.401833477898923796e-07
-1.410557184750733138e-05 -9.295477066013166290e-07
-1.404692082111436826e-05 -9.185981942925867728e-07
-1.398826979472140683e-05 -9.073373488079166867e-07
-1.392961876832844540e-05 -8.957678477904637513e-07
-1.387096774193548397e-05 -8.838925041429252026e-07
-1.381231671554252084e-05 -8.717142614968862691e-07
-1.375366568914955941e-05 -8.592361896005292628e-07
-1.369501466275659798e-05 -8.464614796342951059e-07
-1.363636363636363656e-05 -8.333934394641130235e-07
-1.357771260997067343e-05 -8.200354888417479586e-07
-1.351906158357771200e-05 -8.063911545617881573e-07
-1.346041055718475057e-05 -7.924640655847143797e-07
-1.340175953079178914e-05 -7.782579481353990138e-07
-1.334310850439882771e-05 -7.637766207862810927e-07
-1.328445747800586459e-05 -7.490239895343326665e-07
-1.322580645161290316e-05 -7.340040428807861840e-07
-1.316715542521994173e-05 -7.187208469224439908e-07
-1.310850439882698030e-05 -7.031785404631929513e-07
-1.304985337243401379e-05 -6.873813301541852076e-07
-1.299120234604105236e-05 -6.713334856709196098e-07
-1.293255131964809093e-05 -6.550393349352534807e-07
-1.287390029325512950e-05 -6.385032593901366752e-07
-1.281524926686216638e-05 -6.217296893346335274e-07
-1.275659824046920495e-05 -6.047230993265252155e-07
-1.269794721407624352e-05 -5.874880036595495998e-07
-1.263929618768328209e-05 -5.700289519220443150e-07
-1.258064516129031896e-05 -5.523505246434946236e-07
-1.252199413489735754e-05 -5.344573290351987006e-07
-1.246334310850439611e-05 -5.163539948309771439e-07
-1.240469208211143468e-05 -4.980451702335409515e-07
-1.234604105571847325e-05 -4.795355179718622126e-07
-1.228739002932551012e-05 -4.608297114745484502e-07
-1.222873900293254869e-05 -4.419324311639542563e-07
-1.217008797653958726e-05 -4.228483608754142531e-07
-1.211143695014662583e-05 -4.035821844057063348e-07
-1.205278592375366271e-05 -3.841385821945119995e-07
-1.199413489736070128e-05 -3.645222281423470299e-07
-1.193548387096773985e-05 -3.447377865681131679e-07
-1.187683284457477842e-05 -3.247899093091146944e-07
-1.181818181818181530e-05 -3.046832329660692109e-07
-1.175953079178885387e-05 -2.844223762953372986e-07
-1.170087976539589244e-05 -2.640119377502910694e-07
-1.164222873900293101e-05 -2.434564931734307054e-07
-1.158357771260996958e-05 -2.227605936405707819e-07
-1.152492668621700646e-05 -2.019287634581124706e-07
-1.146627565982404503e-05 -1.809654983141309691e-07
-1.140762463343108360e-05 -1.598752635837175570e-07
-1.134897360703812217e-05 -1.386624927887378758e-07
-1.129032258064515904e-05 -1.173315862118871067e-07
-1.123167155425219761e-05 -9.588690966464846744e-08
-1.117302052785923619e-05 -7.433279340850207165e-08
-1.111436950146627476e-05 -5.267353122846116249e-08
-1.105571847507331163e-05 -3.091337965776801312e-08
-1.099706744868035020e-05 -9.056557352318676576e-09
-1.093841642228738877e-05 1.289275538684249277e-08
-1.087976539589442734e-05 3.493041694486847142e-08
-1.082111436950146422e-05 5.705232458042506314e-08
-1.076246334310850279e-05 7.925441447134054521e-08
-1.070381231671554136e-05 1.015326616211676425e-07
-1.064516129032257993e-05 1.238830796294465087e-07
-1.058651026392961850e-05 1.463017203286705405e-07
-1.052785923753665538e-05 1.687846732911517638e-07
-1.046920821114369395e-05 1.913280652091766941e-07
-1.041055718475073252e-05 2.139280591520371570e-07
-1.035190615835777109e-05 2.365808537036905563e-07
-1.029325513196480797e-05 2.592826819849960464e-07
-1.023460410557184654e-05 2.820298105646253240e-07
-1.017595307917888511e-05 3.048185382629282810e-07
-1.011730205278592368e-05 3.276451948531653424e-07
-1.005865102639296055e-05 3.505061396647067264e-07
-9.999999999999999124e-06 3.733977600929027548e-07
-9.941348973607037694e-06 3.963164700205037536e-07
-9.882697947214076265e-06 4.192587081556161869e-07
-9.824046920821114835e-06 4.422209362913229061e-07
-9.765395894428151712e-06 4.651996374922145151e-07
-9.706744868035190282e-06 4.881913142131830336e-07
-9.648093841642228853e-06 5.111924863559530281e-07
-9.589442815249267423e-06 5.341996892689139447e-07
-9.530791788856304299e-06 5.572094716959222543e-07
-9.472140762463342870e-06 5.802183936798256631e-07
-9.413489736070381440e-06 6.032230244265402577e-07
-9.354838709677416623e-06 6.262199401356006038e-07
-9.296187683284453499e-06 6.492057218031560752e-07
-9.237536656891492070e-06 6.721769530034518041e-07
-9.178885630498530640e-06 6.951302176548928913e-07
-9.120234604105569210e-06 7.180620977768298995e-07
-9.061583577712606087e-06 7.409691712432372178e-07
-9.002932551319644657e-06 7.638480095395053320e-07
-8.944281524926683228e-06 7.866951755285585025e-07
-8.885630498533721798e-06 8.095072212325559445e-07
-8.826979472140760369e-06 8.322806856364141637e-07
-8.768328445747797245e-06 8.550120925193942468e-07
-8.709677419354835815e-06 8.776979483209805401e-07
-8.651026392961874386e-06 9.003347400472578787e-07
-8.592375366568912956e-06 9.229189332239513314e-07
-8.533724340175949833e-06 9.454469699022630976e-07
-8.475073313782988403e-06 9.679152667235666529e-07
-8.416422287390026974e-06 9.903202130489748311e-07
-8.357771260997065544e-06 1.012658169159709801e-06
-8.299120234604102420e-06 1.034925464534119363e-06
-8.240469208211140991e-06 1.057118396207079264e-06
-8.181818181818179561e-06 1.079233227217431997e-06
-8.123167155425218132e-06 1.101266185148962383e-06
-8.064516129032256702e-06 1.123213460770301095e-06
-8.005865102639293579e-06 1.145071206778987406e-06
-7.947214076246332149e-06 1.166835536654774194e-06
-7.888563049853370720e-06 1.188502523627088006e-06
-7.829912023460409290e-06 1.210068199761361931e-06
-7.771260997067446166e-06 1.231528555168792189e-06
-7.712609970674484737e-06 1.252879537343839361e-06
-7.653958944281523307e-06 1.274117050633587867e-06
-7.595307917888561031e-06 1.295236955842850949e-06
-7.536656891495599601e-06 1.316235069978658524e-06
-7.478005865102637325e-06 1.337107166137523664e-06
-7.419354838709675895e-06 1.357848973538606896e-06
-7.360703812316713618e-06 1.378456177705639192e-06
-7.302052785923752189e-06 1.398924420800153619e-06
-7.243401759530790759e-06 1.419249302108318589e-06
-7.184750733137828483e-06 1.439426378683312817e-06
-7.126099706744867053e-06 1.459451166144911724e-06
-7.067448680351904777e-06 1.479319139637594986e-06
-7.008797653958943347e-06 1.499025734948184067e-06
-6.950146627565981071e-06 1.518566349783650917e-06
-6.891495601173019641e-06 1.537936345209412533e-06
-6.832844574780057364e-06 1.557131047248066047e-06
-6.774193548387095935e-06 1.576145748638151204e-06
-6.715542521994133658e-06 1.594975710752186176e-06
-6.656891495601172229e-06 1.613616165672830012e-06
-6.598240469208209952e-06 1.632062318425668264e-06
-6.539589442815248523e-06 1.650309349366747723e-06
-6.480938416422287093e-06 1.668352416722600587e-06
-6.422287390029324816e-06 1.686186659280137979e-06
-6.363636363636363387e-06 1.703807199223398017e-06
-6.304985337243401110e-06 1.721209145113794602e-06
-6.246334310850439681e-06 1.738387595010098487e-06
-6.187683284457477404e-06 1.755337639724068756e-06
-6.129032258064515975e-06 1.772054366207224914e-06
-6.070381231671553698e-06 1.788532861063977660e-06
-6.011730205278592269e-06 1.804768214185903575e-06
-5.953079178885629992e-06 1.820755522501662266e-06
-5.894428152492668562e-06 1.836489893836706753e-06
-5.835777126099706286e-06 1.851966450876610139e-06
-5.777126099706744856e-06 1.867180335227517515e-06
-5.718475073313782580e-06 1.882126711566962522e-06
-5.659824046920821150e-06 1.896800771877943438e-06
-5.601173020527859721e-06 1.911197739758947415e-06
-5.542521994134894056e-06 1.925312874802311218e-06
-5.483870967741931779e-06 1.939141477033064986e-06
-5.425219941348970350e-06 1.952678891400211778e-06
-5.366568914956008920e-06 1.965920512312155327e-06
-5.307917888563046644e-06 1.978861788207813287e-06
-5.249266862170085214e-06 1.991498226154794460e-06
-5.190615835777122937e-06 2.003825396465834655e-06
-5.131964809384161508e-06 2.015838937324601169e-06
-5.073313782991199231e-06 2.027534559411825055e-06
-5.014662756598237802e-06 2.038908050522669997e-06
-4.956011730205275525e-06 2.049955280166147893e-06
-4.897360703812314096e-06 2.060672204137371793e-06
-4.838709677419351819e-06 2.071054869053418596e-06
-4.780058651026390390e-06 2.081099416843555738e-06
-4.721407624633428113e-06 2.090802089184630116e-06
-4.662756598240466683e-06 2.100159231872472996e-06
-4.604105571847504407e-06 2.109167299120222485e-06
-4.545454545454542977e-06 2.117822857774599436e-06
-4.486803519061581548e-06 2.126122591441246314e-06
-4.428152492668619271e-06 2.134063304510427885e-06
-4.369501466275657842e-06 2.141641926074528527e-06
-4.310850439882695565e-06 2.148855513728985104e-06
-4.252199413489734135e-06 2.155701257248481529e-06
-4.193548387096771859e-06 2.162176482130506018e-06
-4.134897360703810429e-06 2.168278652998578700e-06
-4.076246334310848153e-06 2.174005376857762610e-06
-4.017595307917886723e-06 2.179354406195344259e-06
-3.958944281524924447e-06 2.184323641919908790e-06
-3.900293255131963017e-06 2.188911136132322292e-06
-3.841642228739000740e-06 2.193115094722528982e-06
-3.782991202346039311e-06 2.196933879786401755e-06
-3.724340175953077458e-06 2.200366011857278007e-06
-3.665689149560115605e-06 2.203410171947197234e-06
-3.607038123167153752e-06 2.206065203393269797e-06
-3.548387096774191899e-06 2.208330113505027687e-06
-3.489736070381230046e-06 2.210204075009024809e-06
-3.431085043988268193e-06 2.211686427287394821e-06
-3.372434017595306339e-06 2.212776677407544194e-06
-3.313782991202344910e-06 2.213474500940561371e-06
-3.255131964809383057e-06 2.213779742566447651e-06
-3.196480938416421204e-06 2.213692416464670940e-06
-3.137829912023459351e-06 2.213212706489067903e-06
-3.079178885630497498e-06 2.212340966126540085e-06
-3.020527859237535645e-06 2.211077718239495764e-06
-2.961876832844573792e-06 2.209423654592422481e-06
-2.903225806451611938e-06 2.207379635163471175e-06
-2.844574780058650085e-06 2.204946687242359321e-06
-2.785923753665688232e-06 2.202126004316389619e-06
-2.727272727272726379e-06 2.198918944746794572e-06
-2.668621700879764526e-06 2.195327030238091199e-06
-2.609970674486802673e-06 2.191351944103534587e-06
-2.551319648093841244e-06 2.186995529330198606e-06
-2.492668621700879391e-06 2.182259786447611463e-06
-2.434017595307917537e-06 2.177146871204277839e-06
-2.375366568914955684e-06 2.171659092056799217e-06
-2.316715542521993831e-06 2.165798907476678839e-06
-2.258064516129031978e-06 2.159568923080247973e-06
-2.199413489736070125e-06 2.152971888587486019e-06
-2.140762463343108272e-06 2.146010694615839024e-06
-2.082111436950146419e-06 2.138688369315429148e-06
-2.023460410557184566e-06 2.131008074852336085e-06
-1.964809384164222713e-06 2.122973103746920208e-06
-1.906158357771261072e-06 2.114586875074351683e-06
-1.847507331378295619e-06 2.105852930534787554e-06
-1.788856304985333766e-06 2.096774930400814605e-06
-1.730205278592371913e-06 2.087356649349963830e-06
-1.671554252199410059e-06 2.077601972190267928e-06
-1.612903225806448418e-06 2.067514889486972174e-06
-1.554252199413486565e-06 2.057099493098631830e-06
-1.495601173020524712e-06 2.046359971630915206e-06
-1.436950146627562859e-06 2.035300605816530224e-06
-1.378299120234601006e-06 2.023925763829723169e-06
-1.319648093841639153e-06 2.012239896543847951e-06
-1.260997067448677300e-06 2.000247532740510059e-06
-1.202346041055715658e-06 1.987953274278791129e-06
-1.143695014662753805e-06 1.975361791233010889e-06
-1.085043988269791952e-06 1.962477817007474804e-06
-1.026392961876830099e-06 1.949306143436542637e-06
-9.677419354838682462e-07 1.935851615878307834e-06
-9.090909090909064990e-07 1.922119128310044680e-06
-8.504398826979446460e-07 1.908113618433498810e-06
-7.917888563049827929e-07 1.893840062797906131e-06
-7.331378299120210457e-07 1.879303471948527126e-06
-6.744868035190591927e-07 1.864508885608287648e-06
-6.158357771260973396e-07 1.849461367899933729e-06
-5.571847507331354865e-07 1.834166002615942740e-06
-4.985337243401737393e-07 1.818627888543182101e-06
-4.398826979472118863e-07 1.802852134849144110e-06
-3.812316715542500862e-07 1.786843856536309541e-06
-3.225806451612882331e-07 1.770608169970984492e-06
-2.639296187683264330e-07 1.754150188492697269e-06
-2.052785923753646064e-07 1.737475018110006814e-06
-1.466275659824027798e-07 1.720587753288285366e-06
-8.797653958944095318e-08 1.703493472834802544e-06
-2.932551319647913320e-08 1.686197235886160655e-06
2.932551319648268677e-08 1.668704078002847701e-06
8.797653958944451337e-08 1.651019007375414288e-06
1.466275659824063267e-07 1.633147001146496899e-06
2.052785923753681533e-07 1.615093001852637049e-06
2.639296187683299799e-07 1.596861913989553782e-06
3.225806451612917800e-07 1.578458600704281391e-06
3.812316715542536331e-07 1.559887880617270350e-06
4.398826979472154332e-07 1.541154524777301760e-06
4.985337243401772334e-07 1.522263253751797243e-06
5.571847507331390864e-07 1.503218734854817230e-06
6.158357771261009395e-07 1.484025579514808876e-06
6.744868035190626867e-07 1.464688340783874765e-06
7.331378299120245397e-07 1.445211510990112886e-06
7.917888563049863928e-07 1.425599519534311992e-06
8.504398826979482459e-07 1.405856730832043972e-06
9.090909090909099931e-07 1.385987442401979943e-06
9.677419354838718461e-07 1.365995883101009232e-06
1.026392961876833699e-06 1.345886211506532647e-06
1.085043988269795552e-06 1.325662514446078719e-06
1.143695014662757405e-06 1.305328805674198636e-06
1.202346041055719047e-06 1.284889024696379422e-06
1.260997067448680900e-06 1.264347035739541879e-06
1.319648093841642753e-06 1.243706626868492898e-06
1.378299120234604606e-06 1.222971509247527664e-06
1.436950146627566459e-06 1.202145316546214441e-06
1.495601173020528312e-06 1.181231604488227347e-06
1.554252199413490165e-06 1.160233850541925641e-06
1.612903225806451806e-06 1.139155453751259687e-06
1.671554252199413659e-06 1.117999734705405882e-06
1.730205278592375512e-06 1.096769935645416999e-06
1.788856304985337366e-06 1.075469220706045436e-06
1.847507331378299219e-06 1.054100676290750531e-06
1.906158357771261072e-06 1.032667311577815365e-06
1.964809384164226525e-06 1.011172059155342162e-06
2.023460410557184566e-06 9.896177757828191865e-07
2.082111436950149807e-06 9.680072432768241332e-07
2.140762463343108272e-06 9.463431695183340267e-07
2.199413489736073513e-06 9.246281895790026956e-07
2.258064516129031978e-06 9.028648669636825086e-07
2.316715542521997219e-06 8.810556949663538697e-07
2.375366568914955684e-06 8.592030981365485725e-07
2.434017595307920926e-06 8.373094338532475546e-07
2.492668621700879391e-06 8.153769940031499444e-07
2.551319648093844632e-06 7.934080067601203011e-07
2.609970674486802673e-06 7.714046384625250159e-07
2.668621700879768338e-06 7.493689955850839320e-07
2.727272727272726379e-06 7.273031268017779008e-07
2.785923753665692044e-06 7.052090251362487005e-07
2.844574780058650085e-06 6.830886301960582868e-07
2.903225806451615327e-06 6.609438304870637021e-07
2.961876832844573792e-06 6.387764658040865715e-07
3.020527859237539033e-06 6.165883296939593411e-07
3.079178885630497498e-06 5.943811719869319449e-07
3.137829912023462739e-06 5.721567013923461443e-07
3.196480938416421204e-06 5.499165881543646089e-07
3.255131964809386445e-06 5.276624667634766940e-07
3.313782991202344910e-06 5.053959387193802594e-07
3.372434017595310151e-06 4.831185753407685743e-07
3.431085043988268193e-06 4.608319206174327103e-07
3.489736070381233857e-06 4.385374941000173559e-07
3.548387096774191899e-06 4.162367938226556967e-07
3.607038123167157563e-06 3.939312992536285393e-07
3.665689149560115605e-06 3.716224742690919014e-07
3.724340175953080846e-06 3.493117701448389920e-07
3.782991202346039311e-06 3.270006285609636149e-07
3.841642228739004976e-06 3.046904846142134672e-07
3.900293255131969793e-06 2.823827698327456759e-07
3.958944281524928682e-06 2.600789151879124777e-07
4.017595307917893499e-06 2.377803540976341686e-07
4.076246334310851541e-06 2.154885254158593510e-07
4.134897360703817206e-06 1.932048764025387916e-07
4.193548387096775247e-06 1.709308656684978279e-07
4.252199413489740912e-06 1.486679660895329713e-07
4.310850439882698953e-06 1.264176676840369916e-07
4.369501466275664618e-06 1.041814804484068602e-07
4.428152492668622659e-06 8.196093714448963129e-08
4.486803519061588324e-06 5.975759603329108324e-08
4.545454545454546365e-06 3.757304354919348385e-08
4.604105571847512030e-06 1.540889690891622392e-08
4.662756598240470072e-06 -6.733193350492946108e-09
4.721407624633435736e-06 -2.885154091034483996e-08
4.780058651026393778e-06 -5.094442129130285734e-08
4.838709677419359442e-06 -7.301006956227124569e-08
4.897360703812317484e-06 -9.504667814267172886e-08
4.956011730205283149e-06 -1.170523947035257217e-07
5.014662756598241190e-06 -1.390253201726328968e-07
5.073313782991206855e-06 -1.609635068490337641e-07
5.131964809384164896e-06 -1.828649566317873592e-07
5.190615835777129714e-06 -2.047276193679550823e-07
5.249266862170088602e-06 -2.265493913245000573e-07
5.307917888563053420e-06 -2.483281137886326575e-07
5.366568914956012308e-06 -2.700615718009156085e-07
5.425219941348977126e-06 -2.917474930252469950e-07
5.483870967741936014e-06 -3.133835467595691356e-07
5.542521994134900832e-06 -3.349673430909320420e-07
5.601173020527859721e-06 -3.564964321982463906e-07
5.659824046920824538e-06 -3.779683038057937990e-07
5.718475073313782580e-06 -3.993803867902513963e-07
5.777126099706748244e-06 -4.207300489436813635e-07
5.835777126099706286e-06 -4.420145968945990565e-07
5.894428152492671951e-06 -4.632312761889071103e-07
5.953079178885629992e-06 -4.843772715320982630e-07
6.011730205278595657e-06 -5.054497071938071327e-07
6.070381231671553698e-06 -5.264456475753544793e-07
6.129032258064519363e-06 -5.473620979406002127e-07
6.187683284457477404e-06 -5.681960053099652810e-07
6.246334310850443069e-06 -5.889442595171227424e-07
6.304985337243401110e-06 -6.096036944274014024e-07
6.363636363636366775e-06 -6.301710893165635992e-07
6.422287390029324816e-06 -6.506431704081549681e-07
6.480938416422290481e-06 -6.710166125672256994e-07
6.539589442815248523e-06 -6.912880411477655121e-07
6.598240469208214187e-06 -7.114540339907747559e-07
6.656891495601172229e-06 -7.315111235694564530e-07
6.715542521994137893e-06 -7.514557992775792493e-07
6.774193548387095935e-06 -7.712845098566310546e-07
6.832844574780060753e-06 -7.909936659569711778e-07
6.891495601173019641e-06 -8.105796428277458694e-07
6.950146627565984459e-06 -8.300387831299508078e-07
7.008797653958943347e-06 -8.493673998665923968e-07
7.067448680351908165e-06 -8.685617794235372107e-07
7.126099706744867053e-06 -8.876181847142305492e-07
7.184750733137831871e-06 -9.065328584211284724e-07
7.243401759530790759e-06 -9.253020263263098058e-07
7.302052785923755577e-06 -9.439219007234248019e-07
7.360703812316713618e-06 -9.623886839027997081e-07
7.419354838709679283e-06 -9.806985717012418396e-07
7.478005865102637325e-06 -9.988477571077840860e-07
7.536656891495602989e-06 -1.016832433916390511e-06
7.595307917888568654e-06 -1.034648800416381285e-06
7.653958944281526695e-06 -1.052293063111148300e-06
7.712609970674491513e-06 -1.069761440455538767e-06
7.771260997067449555e-06 -1.087050166602145561e-06
7.829912023460416066e-06 -1.104155495146600200e-06
7.888563049853374108e-06 -1.121073702861873654e-06
7.947214076246338925e-06 -1.137801093411518442e-06
8.005865102639296967e-06 -1.154334001031756002e-06
8.064516129032263479e-06 -1.170668794172282008e-06
8.123167155425221520e-06 -1.186801879085706340e-06
8.181818181818186338e-06 -1.202729703355594813e-06
8.240469208211144379e-06 -1.218448759353145618e-06
8.299120234604110891e-06 -1.233955587612682964e-06
8.357771260997068932e-06 -1.249246780116269366e-06
8.416422287390033750e-06 -1.264318983477937121e-06
8.475073313782991791e-06 -1.279168902018253163e-06
8.533724340175958303e-06 -1.293793300720168217e-06
8.592375366568916344e-06 -1.308189008057378400e-06
8.651026392961881162e-06 -1.322352918686748826e-06
8.709677419354839204e-06 -1.336281995996669612e-06
8.768328445747804021e-06 -1.349973274503586315e-06
8.826979472140763757e-06 -1.363423862089364407e-06
8.885630498533728574e-06 -1.376630942072522844e-06
8.944281524926686616e-06 -1.389591775106893147e-06
9.002932551319651434e-06 -1.402303700901664857e-06
9.061583577712611169e-06 -1.414764139757340658e-06
9.120234604105575987e-06 -1.426970593912607279e-06
9.178885630498534028e-06 -1.438920648697706801e-06
9.237536656891498846e-06 -1.450611973490429166e-06
9.296187683284456887e-06 -1.462042322471478378e-06
9.354838709677423399e-06 -1.473209535176511610e-06
9.413489736070381440e-06 -1.484111536842821956e-06
9.472140762463346258e-06 -1.494746338549242651e-06
9.530791788856304299e-06 -1.505112037148496033e-06
9.589442815249270811e-06 -1.515206814991865480e-06
9.648093841642228853e-06 -1.525028939446760388e-06
9.706744868035193670e-06 -1.534576762208350704e-06
9.765395894428151712e-06 -1.543848718407195689e-06
9.824046920821118223e-06 -1.552843325515397861e-06
9.882697947214076265e-06 -1.561559182054538928e-06
9.941348973607041083e-06 -1.569994966109292191e-06
9.999999999999999124e-06 -1.578149433651291086e-06
1.005865102639296564e-05 -1.586021416678481343e-06
1.011730205278592368e-05 -1.593609821175843219e-06
1.017595307917888849e-05 -1.600913624904010601e-06
1.023460410557184654e-05 -1.607931875022928756e-06
1.029325513196481305e-05 -1.614663685558317169e-06
1.035190615835777109e-05 -1.621108234719287291e-06
1.041055718475073591e-05 -1.627264762076039356e-06
1.046920821114369395e-05 -1.633132565607130506e-06
1.052785923753665877e-05 -1.638710998626298657e-06
1.058651026392961850e-05 -1.643999466599375574e-06
1.064516129032258332e-05 -1.648997423862259296e-06
1.070381231671554136e-05 -1.653704370251388488e-06
1.076246334310850618e-05 -1.658119847658563406e-06
1.082111436950146422e-05 -1.662243436522348236e-06
1.087976539589443073e-05 -1.666074752268640650e-06
1.093841642228738877e-05 -1.669613441713307007e-06
1.099706744868035359e-05 -1.672859179440051773e-06
1.105571847507331163e-05 -1.675811664166963611e-06
1.111436950146627814e-05 -1.678470615115328117e-06
1.117302052785923619e-05 -1.680835768394519792e-06
1.123167155425220100e-05 -1.682906873416860130e-06
1.129032258064516751e-05 -1.684683689356438832e-06
1.134897360703812556e-05 -1.686165981665918665e-06
1.140762463343109037e-05 -1.687353518665351244e-06
1.146627565982404842e-05 -1.688246068216973442e-06
1.152492668621701323e-05 -1.688843394499878933e-06
1.158357771260997297e-05 -1.689145254898306284e-06
1.164222873900293779e-05 -1.689151397017137852e-06
1.170087976539589583e-05 -1.688861555837954474e-06
1.175953079178886065e-05 -1.688275451028750406e-06
1.181818181818182038e-05 -1.687392784420104425e-06
1.187683284457478520e-05 -1.686213237660254876e-06
1.193548387096774324e-05 -1.684736470061130252e-06
1.199413489736070806e-05 -1.682962116646988994e-06
1.205278592375366610e-05 -1.680889786416826902e-06
1.211143695014663261e-05 -1.678519060831214398e-06
1.217008797653959065e-05 -1.675849492533687797e-06
1.222873900293255547e-05 -1.672880604316250394e-06
1.228739002932551351e-05 -1.669611888337898806e-06
1.234604105571848002e-05 -1.666042805604478464e-06
1.240469208211143806e-05 -1.662172785717464652e-06
1.246334310850440288e-05 -1.658001226898591470e-06
1.252199413489736092e-05 -1.653527496296485387e-06
1.258064516129032744e-05 -1.648750930580725023e-06
1.263929618768328548e-05 -1.643670836827947087e-06
1.269794721407625029e-05 -1.638286493703829188e-06
1.275659824046920834e-05 -1.632597152943934456e-06
1.281524926686217485e-05 -1.626602041135588917e-06
1.287390029325513289e-05 -1.620300361802065142e-06
1.293255131964809771e-05 -1.613691297789513679e-06
1.299120234604105575e-05 -1.606774013956171746e-06
1.304985337243402057e-05 -1.599547660162513205e-06
1.310850439882698030e-05 -1.592011374560080771e-06
1.316715542521994512e-05 -1.584164287175866862e-06
1.322580645161290316e-05 -1.576005523788199575e-06
1.328445747800586798e-05 -1.567534210089184344e-06
1.334310850439882771e-05 -1.558749476127874351e-06
1.340175953079179253e-05 -1.549650461027440414e-06
1.346041055718475057e-05 -1.540236317968743337e-06
1.351906158357771539e-05 -1.530506219431839003e-06
1.357771260997067343e-05 -1.520459362686096965e-06
1.363636363636363994e-05 -1.510094975518780402e-06
1.369501466275659798e-05 -1.499412322191115842e-06
1.375366568914956280e-05 -1.488410709610086071e-06
1.381231671554252084e-05 -1.477089493703411431e-06
1.387096774193548736e-05 -1.465448085984438021e-06
1.392961876832844540e-05 -1.453485960292932617e-06
1.398826979472141021e-05 -1.441202659697105441e-06
1.404692082111436826e-05 -1.428597803541513608e-06
1.410557184750733477e-05 -1.415671094624898366e-06
1.416422287390029281e-05 -1.402422326491403836e-06
1.422287390029325763e-05 -1.388851390818099796e-06
1.428152492668621567e-05 -1.374958284881209291e-06
1.434017595307918218e-05 -1.360743119082989938e-06
1.439882697947214022e-05 -1.346206124520786247e-06
1.445747800586510504e-05 -1.331347660579410296e-06
1.451612903225806308e-05 -1.316168222527641726e-06
1.457478005865102959e-05 -1.300668449099404502e-06
1.463343108504398763e-05 -1.284849130039890687e-06
1.469208211143695245e-05 -1.268711213596743542e-06
1.475073313782991049e-05 -1.252255813936264450e-06
1.480938416422287531e-05 -1.235484218464514983e-06
1.486803519061583505e-05 -1.218397895033158314e-06
1.492668621700879986e-05 -1.200998499009881674e-06
1.498533724340175791e-05 -1.183287880193310960e-06
1.504398826979472272e-05 -1.165268089552464383e-06
1.510263929618768923e-05 -1.146941385770911651e-06
1.516129032258064728e-05 -1.128310241576076052e-06
1.521994134897361209e-05 -1.109377349834345681e-06
1.527859237536657183e-05 -1.090145629393005689e-06
1.533724340175953495e-05 -1.070618230650346205e-06
1.539589442815249469e-05 -1.050798540835755720e-06
1.545454545454546120e-05 -1.030690188982030855e-06
1.551319648093841755e-05 -1.010297050572696955e-06
1.557184750733138406e-05 -9.896232518476548588e-07
1.563049853372434041e-05 -9.686731737510968575e-07
1.568914956011730692e-05 -9.474514555062841005e-07
1.574780058651026665e-05 -9.259629978024646480e-07
1.580645161290322978e-05 -9.042129655799487191e-07
1.586510263929618951e-05 -8.822067904001373706e-07
1.592375366568915264e-05 -8.599501723880974828e-07
1.598240469208211237e-05 -8.374490817361444491e-07
1.604105571847507888e-05 -8.147097597577554035e-07
1.609970674486803523e-05 -7.917387194820617296e-07
1.615835777126100174e-05 -7.685427457801114978e-07
1.621700879765396148e-05 -7.451288950150517401e-07
1.627565982404692460e-05 -7.215044942094009361e-07
1.633431085043988434e-05 -6.976771397235644310e-07
1.639296187683284746e-05 -6.736546954408272709e-07
1.645161290322580720e-05 -6.494452904550807820e-07
1.651026392961877371e-05 -6.250573162586278700e-07
1.656891495601173006e-05 -6.004994234285069090e-07
1.662756598240469657e-05 -5.757805178108453779e-07
1.668621700879765291e-05 -5.509097562038811640e-07
1.674486803519061943e-05 -5.258965415413916598e-07
1.680351906158357916e-05 -5.007505175793696922e-07
1.686217008797654229e-05 -4.754815630899214663e-07
1.692082111436950202e-05 -4.500997855674413487e-07
1.697947214076246853e-05 -4.246155144532388921e-07
1.703812316715542488e-05 -3.990392938858850066e-07
1.709677419354839139e-05 -3.733818749856176960e-07
1.715542521994134774e-05 -3.476542076822195335e-07
1.721407624633431425e-05 -3.218674320968450471e-07
1.727272727272727399e-05 -2.960328694892786980e-07
1.733137829912023711e-05 -2.701620127831529761e-07
1.739002932551319685e-05 -2.442665166826092052e-07
1.744868035190615997e-05 -2.183581873948664765e-07
1.750733137829911970e-05 -1.924489719740887420e-07
1.756598240469208622e-05 -1.665509473028369764e-07
1.762463343108504256e-05 -1.406763087282660777e-07
1.768328445747800908e-05 -1.148373583710548788e-07
1.774193548387096881e-05 -8.904649312585016055e-08
1.780058651026393193e-05 -6.331619237275962996e-08
1.785923753665689167e-05 -3.765900542014631965e-08
1.791788856304985479e-05 -1.208753869963244458e-08
1.797653958944281453e-05 1.338555726513846586e-08
1.803519061583578104e-05 3.874760109386989105e-08
1.809384164222873739e-05 6.398589396646694564e-08
1.815249266862170390e-05 8.908773319824547487e-08
1.821114369501466025e-05 1.140404259499509052e-07
1.826979472140762676e-05 1.388313030486523498e-07
1.832844574780058649e-05 1.634477328952627678e-07
1.838709677419354962e-05 1.878771354341539324e-07
1.844574780058650935e-05 2.121069961601399101e-07
1.850439882697947587e-05 2.361248801379142948e-07
1.856304985337243221e-05 2.599184460089500033e-07
1.862170087976539872e-05 2.834754599607951230e-07
1.868035190615835507e-05 3.067838096337225206e-07
1.873900293255132158e-05 3.298315179397440186e-07
1.879765395894428132e-05 3.526067567691205444e-07
1.885630498533724444e-05 3.750978605596699093e-07
1.891495601173021095e-05 3.972933397044067553e-07
1.897360703812316730e-05 4.191818937733269560e-07
1.903225806451613381e-05 4.407524245254928128e-07
1.909090909090909355e-05 4.619940486879516791e-07
1.914956011730205667e-05 4.828961104784813287e-07
1.920821114369501641e-05 5.034481938496303023e-07
1.926686217008798292e-05 5.236401344320775999e-07
1.932551319648093927e-05 5.434620311559186282e-07
1.938416422287390578e-05 5.629042575291309224e-07
1.944281524926686213e-05 5.819574725531471298e-07
1.950146627565982864e-05 6.006126312562053289e-07
1.956011730205278837e-05 6.188609948258978639e-07
1.961876832844575150e-05 6.366941403231735644e-07
1.967741935483871123e-05 6.541039699608719638e-07
1.973607038123167774e-05 6.710827199307748739e-07
1.979472140762463409e-05 6.876229687640665785e-07
1.985337243401760060e-05 7.037176452110472433e-07
1.991202346041055695e-05 7.193600356269276494e-07
1.997067448680352346e-05 7.345437908515387875e-07
2.002932551319648320e-05 7.492629325718164533e-07
2.008797653958944632e-05 7.635118591569865513e-07
2.014662756598240606e-05 7.772853509574349708e-07
2.020527859237536918e-05 7.905785750593503230e-07
2.026392961876832892e-05 8.033870894883250535e-07
2.032258064516129543e-05 8.157068468562103742e-07
2.038123167155425178e-05 8.275341974466635320e-07
2.043988269794721829e-05 8.388658917359338466e-07
2.049853372434017802e-05 8.496990823465840151e-07
2.055718475073314115e-05 8.600313254329779851e-07
2.061583577712610088e-05 8.698605814984816142e-07
2.067448680351906401e-05 8.791852156454785258e-07
2.073313782991202374e-05 8.880039972603967788e-07
2.079178885630499025e-05 8.963160991370679889e-07
2.085043988269794660e-05 9.041210960428319456e-07
2.090909090909091311e-05 9.114189627328905307e-07
2.096774193548386946e-05 9.182100714194557521e-07
2.102639296187683597e-05 9.244951887033149758e-07
2.108504398826979571e-05 9.302754719764200606e-07
2.114369501466275883e-05 9.355524653051350741e-07
2.120234604105571857e-05 9.403280948047224584e-07
2.126099706744868508e-05 9.446046635165936441e-07
2.131964809384164142e-05 9.483848458007650153e-07
2.137829912023460794e-05 9.516716812568140444e-07
2.143695014662756428e-05 9.544685681874871858e-07
2.149560117302053080e-05 9.567792566198974853e-07
2.155425219941349053e-05 9.586078409000151546e-07
2.161290322580645365e-05 9.599587518768725383e-07
2.167155425219941339e-05 9.608367486935834813e-07
2.173020527859237651e-05 9.612469102029113177e-07
2.178885630498533625e-05 9.611946260256947364e-07
2.184750733137830276e-05 9.606855872710165439e-07
2.190615835777125911e-05 9.597257769374492760e-07
2.196480938416422562e-05 9.583214600152007705e-07
2.202346041055718536e-05 9.564791733093572014e-07
2.208211143695014848e-05 9.542057150047780995e-07
2.214076246334310821e-05 9.515081339935013340e-07
2.219941348973607134e-05 9.483937189857601868e-07
2.225806451612903107e-05 9.448699874259102108e-07
2.231671554252199758e-05 9.409446742347350855e-07
2.237536656891495393e-05 9.366257203996694014e-07
2.243401759530792044e-05 9.319212614345486191e-07
2.249266862170087679e-05 9.268396157304855410e-07
2.255131964809384330e-05 9.213892728194315582e-07
2.260997067448680981e-05 9.155788815718710261e-07
2.266862170087976616e-05 9.094172383499658363e-07
2.272727272727273267e-05 9.029132751372624815e-07
2.278592375366569241e-05 8.960760476658453155e-07
2.284457478005865553e-05 8.889147235615282273e-07
2.290322580645161527e-05 8.814385705273576152e-07
2.296187683284457839e-05 8.736569445853213473e-07
2.302052785923753813e-05 8.655792783957623015e-07
2.307917888563050464e-05 8.572150696735222206e-07
2.313782991202346099e-05 8.485738697193867631e-07
2.319648093841642750e-05 8.396652720848408341e-07
2.325513196480938723e-05 8.304989013876196035e-07
2.331378299120235036e-05 8.210844022949263088e-07
2.337243401759531009e-05 8.114314286905793437e-07
2.343108504398827322e-05 8.015496330416927811e-07
2.348973607038123295e-05 7.914486559798271210e-07
2.354838709677419946e-05 7.811381161108346983e-07
2.360703812316715581e-05 7.706276000669092916e-07
2.366568914956012232e-05 7.599266528136003790e-07
2.372434017595307867e-05 7.490447682237951312e-07
2.378299120234604518e-05 7.379913799298833895e-07
2.384164222873900492e-05 7.267758524645474261e-07
2.390029325513196804e-05 7.154074726997877704e-07
2.395894428152492778e-05 7.038954415930164774e-07
2.401759530791789429e-05 6.922488662482041958e-07
2.407624633431085064e-05 6.804767522992548737e-07
2.413489736070381715e-05 6.685879966219538632e-07
2.419354838709677349e-05 6.565913803800149344e-07
2.425219941348974001e-05 6.444955624099078592e-07
2.431085043988269974e-05 6.323090729483619609e-07
2.436950146627566287e-05 6.200403077055794913e-07
2.442815249266862260e-05 6.076975222864406351e-07
2.448680351906158572e-05 5.952888269611380875e-07
2.454545454545454546e-05 5.828221817859242292e-07
2.460410557184751197e-05 5.703053920738729624e-07
2.466275659824046832e-05 5.577461042148139383e-07
2.472140762463343483e-05 5.451518018428386018e-07
2.478005865102639457e-05 5.325298023490928645e-07
2.483870967741935769e-05 5.198872537368394862e-07
2.489736070381231743e-05 5.072311318151300300e-07
2.495601173020528055e-05 4.945682377267473582e-07
2.501466275659824028e-05 4.819051958054873499e-07
2.507331378299120680e-05 4.692484517572010160e-07
2.513196480938416314e-05 4.566042711585056797e-07
2.519061583577712966e-05 4.439787382664715994e-07
2.524926686217008600e-05 4.313777551321180265e-07
2.530791788856305251e-05 4.188070410100431530e-07
2.536656891495601225e-05 4.062721320560706718e-07
2.542521994134897537e-05 3.937783813043685044e-07
2.548387096774193511e-05 3.813309589151028128e-07
2.554252199413490162e-05 3.689348526833306287e-07
2.560117302052785797e-05 3.565948687995216736e-07
2.565982404692082448e-05 3.443156328517801825e-07
2.571847507331378083e-05 3.321015910596113897e-07
2.577712609970674734e-05 3.199570117288090362e-07
2.583577712609970707e-05 3.078859869168898029e-07
2.589442815249267020e-05 2.958924342983003073e-07
2.595307917888562993e-05 2.839800992185163629e-07
2.601173020527859306e-05 2.721525569260406527e-07
2.607038123167155279e-05 2.604132149712579516e-07
2.612903225806451930e-05 2.487653157610427140e-07
2.618768328445747565e-05 2.372119392580422451e-07
2.624633431085044216e-05 2.257560058135522147e-07
2.630498533724340868e-05 2.144002791229747517e-07
2.636363636363636502e-05 2.031473692929241906e-07
2.642228739002933153e-05 1.919997360091493262e-07
2.648093841642228788e-05 1.809596917945791792e-07
2.653958944281525439e-05 1.700294053469636013e-07
2.659824046920821413e-05 1.592109049457488978e-07
2.665689149560117725e-05 1.485060819180496148e-07
2.671554252199413699e-05 1.379166941537947186e-07
2.677419354838710350e-05 1.274443696603789155e-07
2.683284457478005985e-05 1.170906101474167679e-07
2.689149560117302636e-05 1.068567946324758447e-07
2.695014662756598271e-05 9.674418305897523610e-08
2.700879765395894922e-05 8.675391991774272281e-08
2.706744868035190895e-05 7.688703786406496077e-08
2.712609970674487208e-05 6.714446132239421313e-08
2.718475073313783181e-05 5.752701007123335934e-08
2.724340175953079494e-05 4.803540280109709529e-08
2.730205278592375467e-05 3.867026063879224472e-08
2.736070381231672118e-05 2.943211063166321716e-08
2.741935483870967753e-05 2.032138918581593908e-08
2.747800586510264404e-05 1.133844545273442673e-08
2.753665689149560378e-05 2.483544659081552378e-09
2.759530791788856690e-05 -6.243128625120387147e-09
2.765395894428152664e-05 -1.484146728434461305e-08
2.771260997067448976e-05 -2.331143852548025180e-08
2.777126099706744950e-05 -3.165308081944089992e-08
2.782991202346041601e-05 -3.986650091971735566e-08
2.788856304985337236e-05 -4.795187096073469594e-08
2.794721407624633887e-05 -5.590942563850332314e-08
2.800586510263929521e-05 -6.373945947567262986e-08
2.806451612903226173e-05 -7.144232417275315985e-08
2.812316715542522146e-05 -7.901842604689334211e-08
2.818181818181818459e-05 -8.646822355926755099e-08
2.824046920821114432e-05 -9.379222493179786592e-08
2.829912023460411083e-05 -1.009909858535920985e-07
2.835777126099706718e-05 -1.080651072771839347e-07
2.841642228739003369e-05 -1.150152333043489164e-07
2.847507331378299004e-05 -1.218420491609931228e-07
2.853372434017595655e-05 -1.285462792603191631e-07
2.859237536656891629e-05 -1.351286853532341935e-07
2.865102639296187941e-05 -1.415900647646987043e-07
2.870967741935483915e-05 -1.479312487145014104e-07
2.876832844574780227e-05 -1.541531007207067541e-07
2.882697947214076200e-05 -1.602565150838445269e-07
2.888563049853372852e-05 -1.662424154497044929e-07
2.894428152492668486e-05 -1.721117534484324543e-07
2.900293255131965138e-05 -1.778655074074856846e-07
2.906158357771261111e-05 -1.835046811358356648e-07
2.912023460410557423e-05 -1.890303027767126719e-07
2.917888563049853397e-05 -1.944434237260574141e-07
2.923753665689149709e-05 -1.997451176137565734e-07
2.929618768328445683e-05 -2.049364793446804107e-07
2.935483870967742334e-05 -2.100186241964373253e-07
2.941348973607037969e-05 -2.149926869707588355e-07
2.947214076246334620e-05 -2.198598211953598615e-07
2.953079178885630255e-05 -2.246211983731194827e-07
2.958944281524926906e-05 -2.292780072754150349e-07
2.964809384164222879e-05 -2.338314532764484194e-07
2.970674486803519192e-05 -2.382827577254311592e-07
2.976539589442815165e-05 -2.426331573535207016e-07
2.982404692082111817e-05 -2.468839037124539914e-07
2.988269794721407451e-05 -2.510362626418658936e-07
2.994134897360704102e-05 -2.550915137623720297e-07
2.999999999999999737e-05 -2.590509499915450084e-07
