-2.999999999999999737e-05 3.678510208620798483e-07
-2.994134897360703764e-05 3.617696528899285464e-07
-2.988269794721407451e-05 3.560089792552386334e-07
-2.982404692082111478e-05 3.505644949803426787e-07
-2.976539589442815165e-05 3.454314129030669067e-07
-2.970674486803518853e-05 3.406046715843224718e-07
-2.964809384164222879e-05 3.360789435661304644e-07
-2.958944281524926567e-05 3.318486439659837936e-07
-2.953079178885630255e-05 3.279079393928005882e-07
-2.947214076246334281e-05 3.242507571690457020e-07
-2.941348973607037969e-05 3.208707948430012910e-07
-2.935483870967741995e-05 3.177615299745775229e-07
-2.929618768328445683e-05 3.149162301775252939e-07
-2.923753665689149371e-05 3.123279634003984173e-07
-2.917888563049853397e-05 3.099896084281587362e-07
-2.912023460410557085e-05 3.078938655858953141e-07
-2.906158357771261111e-05 3.060332676257488064e-07
-2.900293255131964799e-05 3.044001907777983274e-07
-2.894428152492668486e-05 3.029868659453753238e-07
-2.888563049853372513e-05 3.017853900250237991e-07
-2.882697947214076200e-05 3.007877373311217280e-07
-2.876832844574779888e-05 2.999857711050214315e-07
-2.870967741935483915e-05 2.993712550884605870e-07
-2.865102639296187602e-05 2.989358651409258320e-07
-2.859237536656891629e-05 2.986712008806246054e-07
-2.853372434017595316e-05 2.985687973287651279e-07
-2.847507331378299004e-05 2.986201365368906956e-07
-2.841642228739003030e-05 2.988166591771535284e-07
-2.835777126099706718e-05 2.991497760755530725e-07
-2.829912023460410744e-05 2.996108796683808672e-07
-2.824046920821114432e-05 3.001913553623534770e-07
-2.818181818181817781e-05 3.008825927792027182e-07
-2.812316715542522146e-05 3.016759968658261397e-07
-2.806451612903225495e-05 3.025629988514600181e-07
-2.800586510263929521e-05 3.035350670337569391e-07
-2.794721407624633209e-05 3.045837173760800630e-07
-2.788856304985337236e-05 3.057005238988170831e-07
-2.782991202346040923e-05 3.068771288480306099e-07
-2.777126099706744611e-05 3.081052526252988388e-07
-2.771260997067448298e-05 3.093767034631954536e-07
-2.765395894428152325e-05 3.106833868314513799e-07
-2.759530791788856013e-05 3.120173145594852280e-07
-2.753665689149559700e-05 3.133706136616486229e-07
-2.747800586510263727e-05 3.147355348522204123e-07
-2.741935483870967414e-05 3.161044607378929742e-07
-2.736070381231671441e-05 3.174699136762156760e-07
-2.730205278592375128e-05 3.188245632892203800e-07
-2.724340175953078816e-05 3.201612336222089647e-07
-2.718475073313782842e-05 3.214729099384595629e-07
-2.712609970674486530e-05 3.227527451414093511e-07
-2.706744868035190557e-05 3.239940658166651288e-07
-2.700879765395894244e-05 3.251903778869991447e-07
-2.695014662756597932e-05 3.263353718743199410e-07
-2.689149560117301958e-05 3.274229277634113464e-07
-2.683284457478005646e-05 3.284471194630718910e-07
-2.677419354838709334e-05 3.294022188610986412e-07
-2.671554252199413360e-05 3.302826994703955785e-07
-2.665689149560117048e-05 3.310832396643015974e-07
-2.659824046920821074e-05 3.317987255000489978e-07
-2.653958944281524762e-05 3.324242531300797271e-07
-2.648093841642228449e-05 3.329551308017420966e-07
-2.642228739002932476e-05 3.333868804466865910e-07
-2.636363636363636163e-05 3.337152388620693543e-07
-2.630498533724340190e-05 3.339361584864246815e-07
-2.624633431085043878e-05 3.340458077738356292e-07
-2.618768328445747565e-05 3.340405711707756582e-07
-2.612903225806451592e-05 3.339170487006985297e-07
-2.607038123167155279e-05 3.336720551621833433e-07
-2.601173020527858967e-05 3.333026189471096989e-07
-2.595307917888562993e-05 3.328059804860153317e-07
-2.589442815249266681e-05 3.321795903284262742e-07
-2.583577712609970707e-05 3.314211068665848774e-07
-2.577712609970674395e-05 3.305283937115856851e-07
-2.571847507331378083e-05 3.294995167315229819e-07
-2.565982404692082109e-05 3.283327407617956140e-07
-2.560117302052785797e-05 3.270265259982503296e-07
-2.554252199413489823e-05 3.255795240843409250e-07
-2.548387096774193511e-05 3.239905739039666295e-07
-2.542521994134897199e-05 3.222586970920943057e-07
-2.536656891495601225e-05 3.203830932757042058e-07
-2.530791788856304913e-05 3.183631350579847423e-07
-2.524926686217008600e-05 3.161983627590852779e-07
-2.519061583577712627e-05 3.138884789270668652e-07
-2.513196480938416314e-05 3.114333426330169739e-07
-2.507331378299120341e-05 3.088329635645767828e-07
-2.501466275659824028e-05 3.060874959323924564e-07
-2.495601173020527716e-05 3.031972322042413815e-07
-2.489736070381231743e-05 3.001625966817803690e-07
-2.483870967741935091e-05 2.969841389350522489e-07
-2.478005865102639457e-05 2.936625271100399083e-07
-2.472140762463342805e-05 2.901985411246740311e-07
-2.466275659824046832e-05 2.865930657688156766e-07
-2.460410557184750520e-05 2.828470837237934401e-07
-2.454545454545454546e-05 2.789616685171356043e-07
-2.448680351906157895e-05 2.749379774281496041e-07
-2.442815249266862260e-05 2.707772443600135152e-07
-2.436950146627565609e-05 2.664807726939928169e-07
-2.431085043988269974e-05 2.620499281413726022e-07
-2.425219941348973323e-05 2.574861316085954546e-07
-2.419354838709677349e-05 2.527908520910114628e-07
-2.413489736070381037e-05 2.479655996105094122e-07
-2.407624633431085064e-05 2.430119182121699208e-07
-2.401759530791788412e-05 2.379313790348954677e-07
-2.395894428152492778e-05 2.327255734707937517e-07
-2.390029325513196126e-05 2.273961064278678085e-07
-2.384164222873900153e-05 2.219445897103470399e-07
-2.378299120234603841e-05 2.163726355307204053e-07
-2.372434017595307528e-05 2.106818501672736996e-07
-2.366568914956011555e-05 2.048738277806259809e-07
-2.360703812316715242e-05 1.989501444024500075e-07
-2.354838709677419269e-05 1.929123521092272612e-07
-2.348973607038122956e-05 1.867619733935294391e-07
-2.343108504398826644e-05 1.805004957449466345e-07
-2.337243401759530670e-05 1.741293664523946735e-07
-2.331378299120234358e-05 1.676499876391239209e-07
-2.325513196480938046e-05 1.610637115413157570e-07
-2.319648093841642072e-05 1.543718360407215737e-07
-2.313782991202345760e-05 1.475756004613280531e-07
-2.307917888563049786e-05 1.406761816395621033e-07
-2.302052785923753474e-05 1.336746902770429551e-07
-2.296187683284457162e-05 1.265721675843890742e-07
-2.290322580645161188e-05 1.193695822240645488e-07
-2.284457478005864876e-05 1.120678275596878353e-07
-2.278592375366568902e-05 1.046677192187007780e-07
-2.272727272727272590e-05 9.716999297469938096e-08
-2.266862170087976277e-05 8.957530295515648133e-08
-2.260997067448680304e-05 8.188422017967241490e-08
-2.255131964809383992e-05 7.409723143327206563e-08
-2.249266862170087679e-05 6.621473847864495475e-08
-2.243401759530791706e-05 5.823705761060082822e-08
-2.237536656891495393e-05 5.016441955535651953e-08
-2.231671554252199420e-05 4.199696971662079223e-08
-2.225806451612903107e-05 3.373476876977780794e-08
-2.219941348973606795e-05 2.537779360479048521e-08
-2.214076246334310821e-05 1.692593861777514764e-08
-2.208211143695014509e-05 8.379017350486507792e-09
-2.202346041055718536e-05 -2.632355237274307935e-10
-2.196480938416422223e-05 -9.001161869642939034e-09
-2.190615835777125911e-05 -1.783517741842625302e-08
-2.184750733137829937e-05 -2.676576875800113393e-08
-2.178885630498533625e-05 -3.579348998981851738e-08
-2.173020527859237313e-05 -4.491895905702456444e-08
-2.167155425219941339e-05 -5.414285374976011368e-08
-2.161290322580645027e-05 -6.346590739402129165e-08
-2.155425219941349053e-05 -7.288890423125871625e-08
-2.149560117302052402e-05 -8.241267449657279417e-08
-2.143695014662756428e-05 -9.203808920410340015e-08
-2.137829912023460116e-05 -1.017660546488967176e-07
-2.131964809384164142e-05 -1.115975066352447723e-07
-2.126099706744867491e-05 -1.215334044421749321e-07
-2.120234604105571857e-05 -1.315747245374476361e-07
-2.114369501466275205e-05 -1.417224540521016675e-07
-2.108504398826979571e-05 -1.519775840282339499e-07
-2.102639296187682919e-05 -1.623411024533380258e-07
-2.096774193548386946e-05 -1.728139870951760968e-07
-2.090909090909090634e-05 -1.833971981517426848e-07
-2.085043988269794660e-05 -1.940916707314938772e-07
-2.079178885630498348e-05 -2.048983071795664202e-07
-2.073313782991202374e-05 -2.158179692662749720e-07
-2.067448680351905723e-05 -2.268514702546946365e-07
-2.061583577712610088e-05 -2.379995668646400633e-07
-2.055718475073313437e-05 -2.492629511508091946e-07
-2.049853372434017802e-05 -2.606422423133354502e-07
-2.043988269794721151e-05 -2.721379784593674320e-07
-2.038123167155425178e-05 -2.837506083347126047e-07
-2.032258064516128865e-05 -2.954804830449021708e-07
-2.026392961876832892e-05 -3.073278477853646193e-07
-2.020527859237536240e-05 -3.192928336006688109e-07
-2.014662756598240606e-05 -3.313754491930349460e-07
-2.008797653958943955e-05 -3.435755728005116625e-07
-2.002932551319648320e-05 -3.558929441653859669e-07
-1.997067448680351669e-05 -3.683271566134942873e-07
-1.991202346041055695e-05 -3.808776492652072350e-07
-1.985337243401759383e-05 -3.935436993988536668e-07
-1.979472140762463409e-05 -4.063244149873811969e-07
-1.973607038123166758e-05 -4.192187274289510956e-07
-1.967741935483870784e-05 -4.322253844920958981e-07
-1.961876832844574472e-05 -4.453429434958878930e-07
-1.956011730205278499e-05 -4.585697647453898410e-07
-1.950146627565982186e-05 -4.719040052423933074e-07
-1.944281524926685874e-05 -4.853436126911759768e-07
-1.938416422287389900e-05 -4.988863198186373625e-07
-1.932551319648093588e-05 -5.125296390278048210e-07
-1.926686217008797614e-05 -5.262708574032451740e-07
-1.920821114369501302e-05 -5.401070320864354942e-07
-1.914956011730204990e-05 -5.540349860385924885e-07
-1.909090909090909016e-05 -5.680513042079011398e-07
-1.903225806451612704e-05 -5.821523301174183441e-07
-1.897360703812316391e-05 -5.963341628892700898e-07
-1.891495601173020418e-05 -6.105926547200274069e-07
-1.885630498533724105e-05 -6.249234088213723368e-07
-1.879765395894428132e-05 -6.393217778393545645e-07
-1.873900293255131820e-05 -6.537828627646905195e-07
-1.868035190615835507e-05 -6.683015123456429124e-07
-1.862170087976539534e-05 -6.828723230141017575e-07
-1.856304985337243221e-05 -6.974896393345000820e-07
-1.850439882697947248e-05 -7.121475549841945298e-07
-1.844574780058650935e-05 -7.268399142729000607e-07
-1.838709677419354623e-05 -7.415603142076852311e-07
-1.832844574780058649e-05 -7.563021071089376313e-07
-1.826979472140762337e-05 -7.710584037815757243e-07
-1.821114369501466025e-05 -7.858220772446220517e-07
-1.815249266862170051e-05 -8.005857670210821684e-07
-1.809384164222873739e-05 -8.153418839888668626e-07
-1.803519061583577765e-05 -8.300826157922874496e-07
-1.797653958944281453e-05 -8.447999328124192759e-07
-1.791788856304985141e-05 -8.594855946933857571e-07
-1.785923753665689167e-05 -8.741311574203737377e-07
-1.780058651026392855e-05 -8.887279809439318448e-07
-1.774193548387096881e-05 -9.032672373438375108e-07
-1.768328445747800230e-05 -9.177399195245847443e-07
-1.762463343108504256e-05 -9.321368504332613653e-07
-1.756598240469207944e-05 -9.464486927893706248e-07
-1.750733137829911970e-05 -9.606659593148902598e-07
-1.744868035190615319e-05 -9.747790234516542733e-07
-1.739002932551319685e-05 -9.887781305519368692e-07
-1.733137829912023033e-05 -1.002653409526925247e-06
-1.727272727272727399e-05 -1.016394884936607733e-06
-1.721407624633430747e-05 -1.029992489503472840e-06
-1.715542521994134774e-05 -1.043436077031291874e-06
-1.709677419354838462e-05 -1.056715435709197141e-06
-1.703812316715542488e-05 -1.069820301780222125e-06
-1.697947214076245837e-05 -1.082740373552446160e-06
-1.692082111436950202e-05 -1.095465325729965831e-06
-1.686217008797653551e-05 -1.107984824039949914e-06
-1.680351906158357916e-05 -1.120288540131185319e-06
-1.674486803519061265e-05 -1.132366166718699657e-06
-1.668621700879765291e-05 -1.144207432948250475e-06
-1.662756598240468979e-05 -1.155802119953767328e-06
-1.656891495601173006e-05 -1.167140076580168354e-06
-1.651026392961876693e-05 -1.178211235243336466e-06
-1.645161290322580720e-05 -1.189005627898531647e-06
-1.639296187683284068e-05 -1.199513402087991720e-06
-1.633431085043988434e-05 -1.209724837038056164e-06
-1.627565982404691783e-05 -1.219630359775800707e-06
-1.621700879765396148e-05 -1.229220561234848529e-06
-1.615835777126099497e-05 -1.238486212319800086e-06
-1.609970674486803523e-05 -1.247418279898570706e-06
-1.604105571847507211e-05 -1.256007942691803288e-06
-1.598240469208211237e-05 -1.264246607028517781e-06
-1.592375366568914586e-05 -1.272125922437179830e-06
-1.586510263929618612e-05 -1.279637797041490207e-06
-1.580645161290322300e-05 -1.286774412730368814e-06
-1.574780058651026327e-05 -1.293528240071845690e-06
-1.568914956011730014e-05 -1.299892052940905169e-06
-1.563049853372433702e-05 -1.305858942831681529e-06
-1.557184750733137728e-05 -1.311422332824875375e-06
-1.551319648093841416e-05 -1.316575991181759364e-06
-1.545454545454545104e-05 -1.321314044536732667e-06
-1.539589442815249130e-05 -1.325630990661014596e-06
-1.533724340175952818e-05 -1.329521710770777872e-06
-1.527859237536656844e-05 -1.332981481353783468e-06
-1.521994134897360532e-05 -1.336005985489411618e-06
-1.516129032258064389e-05 -1.338591323637854726e-06
-1.510263929618768246e-05 -1.340734023875178367e-06
-1.504398826979471933e-05 -1.342431051551936977e-06
-1.498533724340175791e-05 -1.343679818354096406e-06
-1.492668621700879648e-05 -1.344478190746063104e-06
-1.486803519061583505e-05 -1.344824497776785595e-06
-1.480938416422287192e-05 -1.344717538231050156e-06
-1.475073313782991049e-05 -1.344156587109321825e-06
-1.469208211143694906e-05 -1.343141401420716654e-06
-1.463343108504398763e-05 -1.341672225274999987e-06
-1.457478005865102451e-05 -1.339749794260797060e-06
-1.451612903225806308e-05 -1.337375339098577385e-06
-1.445747800586510165e-05 -1.334550588558313096e-06
-1.439882697947214022e-05 -1.331277771633134689e-06
-1.434017595307917710e-05 -1.327559618961691405e-06
-1.428152492668621567e-05 -1.323399363493366011e-06
-1.422287390029325424e-05 -1.318800740391920148e-06
-1.416422287390029281e-05 -1.313767986174600745e-06
-1.410557184750733138e-05 -1.308305837085180949e-06
-1.404692082111436826e-05 -1.302419526700862284e-06
-1.398826979472140683e-05 -1.296114782774418096e-06
-1.392961876832844540e-05 -1.289397823314404584e-06
-1.387096774193548397e-05 -1.282275351907690289e-06
-1.381231671554252084e-05 -1.274754552290005392e-06
-1.375366568914955941e-05 -1.266843082171588219e-06
-1.369501466275659798e-05 -1.258549066326444384e-06
-1.363636363636363656e-05 -1.249881088955054525e-06
-1.357771260997067343e-05 -1.240848185331769072e-06
-1.351906158357771200e-05 -1.231459832749401140e-06
-1.346041055718475057e-05 -1.221725940774862946e-06
-1.340175953079178914e-05 -1.211656840830922497e-06
-1.334310850439882771e-05 -1.201263275120398659e-06
-1.328445747800586459e-05 -1.190556384910299585e-06
-1.322580645161290316e-05 -1.179547698194547703e-06
-1.316715542521994173e-05 -1.168249116755064404e-06
-1.310850439882698030e-05 -1.156672902642020943e-06
-1.304985337243401379e-05 -1.144831664095109004e-06
-1.299120234604105236e-05 -1.132738340928630097e-06
-1.293255131964809093e-05 -1.120406189404140600e-06
-1.287390029325512950e-05 -1.107848766615240351e-06
-1.281524926686216638e-05 -1.095079914409928889e-06
-1.275659824046920495e-05 -1.082113742876690180e-06
-1.269794721407624352e-05 -1.068964613421197631e-06
-1.263929618768328209e-05 -1.055647121461167557e-06
-1.258064516129031896e-05 -1.042176078767473253e-06
-1.252199413489735754e-05 -1.028566495480193667e-06
-1.246334310850439611e-05 -1.014833561828721461e-06
-1.240469208211143468e-05 -1.000992629585476028e-06
-1.234604105571847325e-05 -9.870591932831408100e-07
-1.228739002932551012e-05 -9.730488712256247770e-07
-1.222873900293254869e-05 -9.589773863231841196e-07
-1.217008797653958726e-05 -9.448605467823474502e-07
-1.211143695014662583e-05 -9.307142266813655627e-07
-1.205278592375366271e-05 -9.165543464619950899e-07
-1.199413489736070128e-05 -9.023968533684237037e-07
-1.193548387096773985e-05 -8.882577018640821450e-07
-1.187683284457477842e-05 -8.741528340569713691e-07
-1.181818181818181530e-05 -8.600981601639801008e-07
-1.175953079178885387e-05 -8.461095390444181094e-07
-1.170087976539589244e-05 -8.322027588327390542e-07
-1.164222873900293101e-05 -8.183935177000673948e-07
-1.158357771260996958e-05 -8.046974047737793200e-07
-1.152492668621700646e-05 -7.911298812439402041e-07
-1.146627565982404503e-05 -7.777062616849218887e-07
-1.140762463343108360e-05 -7.644416956199907312e-07
-1.134897360703812217e-05 -7.513511493560809517e-07
-1.129032258064515904e-05 -7.384493881153357136e-07
-1.123167155425219761e-05 -7.257509584893512406e-07
-1.117302052785923619e-05 -7.132701712413359048e-07
-1.111436950146627476e-05 -7.010210844806633263e-07
-1.105571847507331163e-05 -6.890174872335095148e-07
-1.099706744868035020e-05 -6.772728834324574936e-07
-1.093841642228738877e-05 -6.658004763470850635e-07
-1.087976539589442734e-05 -6.546131534766960732e-07
-1.082111436950146422e-05 -6.437234719254175758e-07
-1.076246334310850279e-05 -6.331436442789788250e-07
-1.070381231671554136e-05 -6.228855250014919500e-07
-1.064516129032257993e-05 -6.129605973696069551e-07
-1.058651026392961850e-05 -6.033799609603763923e-07
-1.052785923753665538e-05 -5.941543197081655552e-07
-1.046920821114369395e-05 -5.852939705448906538e-07
-1.041055718475073252e-05 -5.768087926368162576e-07
-1.035190615835777109e-05 -5.687082372300821788e-07
-1.029325513196480797e-05 -5.610013181160522198e-07
-1.023460410557184654e-05 -5.536966027264801977e-07
-1.017595307917888511e-05 -5.468022038674262682e-07
-1.011730205278592368e-05 -5.403257720997298020e-07
-1.005865102639296055e-05 -5.342744887727735757e-07
-9.999999999999999124e-06 -5.286550597171691847e-07
-9.941348973607037694e-06 -5.234737096008949891e-07
-9.882697947214076265e-06 -5.187361769523324273e-07
-9.824046920821114835e-06 -5.144477098525683656e-07
-9.765395894428151712e-06 -5.106130622982325526e-07
-9.706744868035190282e-06 -5.072364912351002523e-07
-9.648093841642228853e-06 -5.043217542616026471e-07
-9.589442815249267423e-06 -5.018721080003725394e-07
-9.530791788856304299e-06 -4.998903071348903808e-07
-9.472140762463342870e-06 -4.983786041073104568e-07
-9.413489736070381440e-06 -4.973387494725278581e-07
-9.354838709677416623e-06 -4.967719929025825264e-07
-9.296187683284453499e-06 -4.966790848345181252e-07
-9.237536656891492070e-06 -4.970602787539037737e-07
-9.178885630498530640e-06 -4.979153341052792761e-07
-9.120234604105569210e-06 -4.992435198199194449e-07
-9.061583577712606087e-06 -5.010436184504317798e-07
-9.002932551319644657e-06 -5.033139309008633077e-07
-8.944281524926683228e-06 -5.060522817401832591e-07
-8.885630498533721798e-06 -5.092560250862223182e-07
-8.826979472140760369e-06 -5.129220510463785926e-07
-8.768328445747797245e-06 -5.170467927007065208e-07
-8.709677419354835815e-06 -5.216262336122647295e-07
-8.651026392961874386e-06 -5.266559158489790424e-07
-8.592375366568912956e-06 -5.321309485006023867e-07
-8.533724340175949833e-06 -5.380460166737961056e-07
-8.475073313782988403e-06 -5.443953909477456252e-07
-8.416422287390026974e-06 -5.511729372722337337e-07
-8.357771260997065544e-06 -5.583721272895618422e-07
-8.299120234604102420e-06 -5.659860490612627852e-07
-8.240469208211140991e-06 -5.740074181801220264e-07
-8.181818181818179561e-06 -5.824285892476181956e-07
-8.123167155425218132e-06 -5.912415676965415156e-07
-8.064516129032256702e-06 -6.004380219382316775e-07
-8.005865102639293579e-06 -6.100092958135766591e-07
-7.947214076246332149e-06 -6.199464213266808381e-07
-7.888563049853370720e-06 -6.302401316398688148e-07
-7.829912023460409290e-06 -6.408808743085469441e-07
-7.771260997067446166e-06 -6.518588247342661647e-07
-7.712609970674484737e-06 -6.631638998142442746e-07
-7.653958944281523307e-06 -6.747857717655256480e-07
-7.595307917888561031e-06 -6.867138821019199668e-07
-7.536656891495599601e-06 -6.989374557418510593e-07
-7.478005865102637325e-06 -7.114455152252953232e-07
-7.419354838709675895e-06 -7.242268950180414115e-07
-7.360703812316713618e-06 -7.372702558816071469e-07
-7.302052785923752189e-06 -7.505640992872828296e-07
-7.243401759530790759e-06 -7.640967818529412031e-07
-7.184750733137828483e-06 -7.778565297814436529e-07
-7.126099706744867053e-06 -7.918314532797107606e-07
-7.067448680351904777e-06 -8.060095609377808224e-07
-7.008797653958943347e-06 -8.203787740474781995e-07
-6.950146627565981071e-06 -8.349269408406265624e-07
-6.891495601173019641e-06 -8.496418506271030303e-07
-6.832844574780057364e-06 -8.645112478133935373e-07
-6.774193548387095935e-06 -8.795228457827367679e-07
-6.715542521994133658e-06 -8.946643406183500517e-07
-6.656891495601172229e-06 -9.099234246517158490e-07
-6.598240469208209952e-06 -9.252877998183696226e-07
-6.539589442815248523e-06 -9.407451908041465824e-07
-6.480938416422287093e-06 -9.562833579653682530e-07
-6.422287390029324816e-06 -9.718901100070202933e-07
-6.363636363636363387e-06 -9.875533164035003807e-07
-6.304985337243401110e-06 -1.003260919547161682e-06
-6.246334310850439681e-06 -1.019000946610448118e-06
-6.187683284457477404e-06 -1.034761521108053129e-06
-6.129032258064515975e-06 -1.050530874146189329e-06
-6.070381231671553698e-06 -1.066297355346701491e-06
-6.011730205278592269e-06 -1.082049443434424004e-06
-5.953079178885629992e-06 -1.097775756476889327e-06
-5.894428152492668562e-06 -1.113465061766166084e-06
-5.835777126099706286e-06 -1.129106285333324988e-06
-5.777126099706744856e-06 -1.144688521086739770e-06
-5.718475073313782580e-06 -1.160201039566157864e-06
-5.659824046920821150e-06 -1.175633296305192633e-06
-5.601173020527859721e-06 -1.190974939795645311e-06
-5.542521994134894056e-06 -1.206215819047769149e-06
-5.483870967741931779e-06 -1.221345990741360108e-06
-5.425219941348970350e-06 -1.236355725963273335e-06
-5.366568914956008920e-06 -1.251235516527724250e-06
-5.307917888563046644e-06 -1.265976080876457051e-06
-5.249266862170085214e-06 -1.280568369556610758e-06
-5.190615835777122937e-06 -1.295003570274831403e-06
-5.131964809384161508e-06 -1.309273112526926262e-06
-5.073313782991199231e-06 -1.323368671803044059e-06
-5.014662756598237802e-06 -1.337282173369115904e-06
-4.956011730205275525e-06 -1.351005795625958213e-06
-4.897360703812314096e-06 -1.364531973048153466e-06
-4.838709677419351819e-06 -1.377853398705499364e-06
-4.780058651026390390e-06 -1.390963026370483980e-06
-4.721407624633428113e-06 -1.403854072215895637e-06
-4.662756598240466683e-06 -1.416520016107327425e-06
-4.604105571847504407e-06 -1.428954602495950137e-06
-4.545454545454542977e-06 -1.441151840917531567e-06
-4.486803519061581548e-06 -1.453106006104280222e-06
-4.428152492668619271e-06 -1.464811637716653515e-06
-4.369501466275657842e-06 -1.476263539702822979e-06
-4.310850439882695565e-06 -1.487456779294016540e-06
-4.252199413489734135e-06 -1.498386685644467563e-06
-4.193548387096771859e-06 -1.509048848125192561e-06
-4.134897360703810429e-06 -1.519439114281268958e-06
-4.076246334310848153e-06 -1.529553587462734969e-06
-4.017595307917886723e-06 -1.539388624139644241e-06
-3.958944281524924447e-06 -1.548940830912200689e-06
-3.900293255131963017e-06 -1.558207061227265141e-06
-3.841642228739000740e-06 -1.567184411812852092e-06
-3.782991202346039311e-06 -1.575870218842574787e-06
-3.724340175953077458e-06 -1.584262053842257490e-06
-3.665689149560115605e-06 -1.592357719351200649e-06
-3.607038123167153752e-06 -1.600155244350835762e-06
-3.548387096774191899e-06 -1.607652879473687864e-06
-3.489736070381230046e-06 -1.614849092005754715e-06
-3.431085043988268193e-06 -1.621742560695569782e-06
-3.372434017595306339e-06 -1.628332170383326832e-06
-3.313782991202344910e-06 -1.634617006463548786e-06
-3.255131964809383057e-06 -1.640596349194861628e-06
-3.196480938416421204e-06 -1.646269667870460390e-06
-3.137829912023459351e-06 -1.651636614862888594e-06
-3.079178885630497498e-06 -1.656697019556733413e-06
-3.020527859237535645e-06 -1.661450882182811324e-06
-2.961876832844573792e-06 -1.665898367567351470e-06
-2.903225806451611938e-06 -1.670039798809608966e-06
-2.844574780058650085e-06 -1.673875650901215051e-06
-2.785923753665688232e-06 -1.677406544300467197e-06
-2.727272727272726379e-06 -1.680633238474564954e-06
-2.668621700879764526e-06 -1.683556625422662408e-06
-2.609970674486802673e-06 -1.686177723192371374e-06
-2.551319648093841244e-06 -1.688497669402157188e-06
-2.492668621700879391e-06 -1.690517714781795362e-06
-2.434017595307917537e-06 -1.692239216742843692e-06
-2.375366568914955684e-06 -1.693663632990741807e-06
-2.316715542521993831e-06 -1.694792515189921213e-06
-2.258064516129031978e-06 -1.695627502692929849e-06
-2.199413489736070125e-06 -1.696170316344310484e-06
-2.140762463343108272e-06 -1.696422752369560816e-06
-2.082111436950146419e-06 -1.696386676359211133e-06
-2.023460410557184566e-06 -1.696064017357625961e-06
-1.964809384164222713e-06 -1.695456762065795583e-06
-1.906158357771261072e-06 -1.694566949166972121e-06
-1.847507331378295619e-06 -1.693396663783600583e-06
-1.788856304985333766e-06 -1.691948032073584096e-06
-1.730205278592371913e-06 -1.690223215973516744e-06
-1.671554252199410059e-06 -1.688224408096071762e-06
-1.612903225806448418e-06 -1.685953826788307135e-06
-1.554252199413486565e-06 -1.683413711357233101e-06
-1.495601173020524712e-06 -1.680606317468512339e-06
-1.436950146627562859e-06 -1.677533912723752612e-06
-1.378299120234601006e-06 -1.674198772421394010e-06
-1.319648093841639153e-06 -1.670603175505742958e-06
-1.260997067448677300e-06 -1.666749400708282293e-06
-1.202346041055715658e-06 -1.662639722884918046e-06
-1.143695014662753805e-06 -1.658276409552404124e-06
-1.085043988269791952e-06 -1.653661717626743269e-06
-1.026392961876830099e-06 -1.648797890365919255e-06
-9.677419354838682462e-07 -1.643687154518901511e-06
-9.090909090909064990e-07 -1.638331717682437308e-06
-8.504398826979446460e-07 -1.632733765866719722e-06
-7.917888563049827929e-07 -1.626895461270622780e-06
-7.331378299120210457e-07 -1.620818940266786471e-06
-6.744868035190591927e-07 -1.614506311596444478e-06
-6.158357771260973396e-07 -1.607959654773496375e-06
-5.571847507331354865e-07 -1.601181018696959443e-06
-4.985337243401737393e-07 -1.594172420470561350e-06
-4.398826979472118863e-07 -1.586935844427884206e-06
-3.812316715542500862e-07 -1.579473241361128790e-06
-3.225806451612882331e-07 -1.571786527951225698e-06
-2.639296187683264330e-07 -1.563877586396710611e-06
-2.052785923753646064e-07 -1.555748264238457503e-06
-1.466275659824027798e-07 -1.547400374377077554e-06
-8.797653958944095318e-08 -1.538835695279498831e-06
-2.932551319647913320e-08 -1.530055971370975894e-06
2.932551319648268677e-08 -1.521062913608498697e-06
8.797653958944451337e-08 -1.511858200231358442e-06
1.466275659824063267e-07 -1.502443477684350170e-06
2.052785923753681533e-07 -1.492820361708897102e-06
2.639296187683299799e-07 -1.482990438597174183e-06
3.225806451612917800e-07 -1.472955266604078760e-06
3.812316715542536331e-07 -1.462716377511764176e-06
4.398826979472154332e-07 -1.452275278341216796e-06
4.985337243401772334e-07 -1.441633453205257264e-06
5.571847507331390864e-07 -1.430792365297155535e-06
6.158357771261009395e-07 -1.419753459008935554e-06
6.744868035190626867e-07 -1.408518162173308201e-06
7.331378299120245397e-07 -1.397087888423076692e-06
7.917888563049863928e-07 -1.385464039661726709e-06
8.504398826979482459e-07 -1.373648008638855908e-06
9.090909090909099931e-07 -1.361641181623995201e-06
9.677419354838718461e-07 -1.349444941172305370e-06
1.026392961876833699e-06 -1.337060668975587479e-06
1.085043988269795552e-06 -1.324489748791977562e-06
1.143695014662757405e-06 -1.311733569447658802e-06
1.202346041055719047e-06 -1.298793527903907909e-06
1.260997067448680900e-06 -1.285671032382736902e-06
1.319648093841642753e-06 -1.272367505544411216e-06
1.378299120234604606e-06 -1.258884387710090311e-06
1.436950146627566459e-06 -1.245223140122850731e-06
1.495601173020528312e-06 -1.231385248240346695e-06
1.554252199413490165e-06 -1.217372225052401190e-06
1.612903225806451806e-06 -1.203185614416806372e-06
1.671554252199413659e-06 -1.188826994406663522e-06
1.730205278592375512e-06 -1.174297980662620115e-06
1.788856304985337366e-06 -1.159600229743396737e-06
1.847507331378299219e-06 -1.144735442468034886e-06
1.906158357771261072e-06 -1.129705367243356428e-06
1.964809384164226525e-06 -1.114511803370175654e-06
2.023460410557184566e-06 -1.099156604321847658e-06
2.082111436950149807e-06 -1.083641680988828050e-06
2.140762463343108272e-06 -1.067969004882956660e-06
2.199413489736073513e-06 -1.052140611295265617e-06
2.258064516129031978e-06 -1.036158602401184125e-06
2.316715542521997219e-06 -1.020025150307082840e-06
2.375366568914955684e-06 -1.003742500032191305e-06
2.434017595307920926e-06 -9.873129724200075328e-07
2.492668621700879391e-06 -9.707389669733990170e-07
2.551319648093844632e-06 -9.540229646076954972e-07
2.609970674486802673e-06 -9.371675303161679189e-07
2.668621700879768338e-06 -9.201753157423813091e-07
2.727272727272726379e-06 -9.030490616540324254e-07
2.785923753665692044e-06 -8.857916003129505895e-07
2.844574780058650085e-06 -8.684058577360954389e-07
2.903225806451615327e-06 -8.508948558424664342e-07
2.961876832844573792e-06 -8.332617144809710976e-07
3.020527859237539033e-06 -8.155096533344101296e-07
3.079178885630497498e-06 -7.976419936948799600e-07
3.137829912023462739e-06 -7.796621601059917556e-07
3.196480938416421204e-06 -7.615736818674795500e-07
3.255131964809386445e-06 -7.433801943978641791e-07
3.313782991202344910e-06 -7.250854404510125051e-07
3.372434017595310151e-06 -7.066932711825726488e-07
3.431085043988268193e-06 -6.882076470623929042e-07
3.489736070381233857e-06 -6.696326386292231186e-07
3.548387096774191899e-06 -6.509724270841330575e-07
3.607038123167157563e-06 -6.322313047192514721e-07
3.665689149560115605e-06 -6.134136751786096836e-07
3.724340175953080846e-06 -5.945240535480448132e-07
3.782991202346039311e-06 -5.755670662712888863e-07
3.841642228739004976e-06 -5.565474508895797878e-07
3.900293255131969793e-06 -5.374700556023020957e-07
3.958944281524928682e-06 -5.183398386463762048e-07
4.017595307917893499e-06 -4.991618674923161694e-07
4.076246334310851541e-06 -4.799413178550827327e-07
4.134897360703817206e-06 -4.606834725180890404e-07
4.193548387096775247e-06 -4.413937199689209898e-07
4.252199413489740912e-06 -4.220775528455710665e-07
4.310850439882698953e-06 -4.027405661922314343e-07
4.369501466275664618e-06 -3.833884555239074020e-07
4.428152492668622659e-06 -3.640270146993820076e-07
4.486803519061588324e-06 -3.446621336023056194e-07
4.545454545454546365e-06 -3.252997956304425252e-07
4.604105571847512030e-06 -3.059460749933664213e-07
4.662756598240470072e-06 -2.866071338191817358e-07
4.721407624633435736e-06 -2.672892190710983896e-07
4.780058651026393778e-06 -2.479986592749886672e-07
4.838709677419359442e-06 -2.287418610593221872e-07
4.897360703812317484e-06 -2.095253055091731169e-07
4.956011730205283149e-06 -1.903555443362809483e-07
5.014662756598241190e-06 -1.712391958674418967e-07
5.073313782991206855e-06 -1.521829408538105353e-07
5.131964809384164896e-06 -1.331935181039819168e-07
5.190615835777129714e-06 -1.142777199440431930e-07
5.249266862170088602e-06 -9.544238750807742996e-08
5.307917888563053420e-06 -7.669440586291082978e-08
5.366568914956012308e-06 -5.804069897120536979e-08
5.425219941348977126e-06 -3.948822449730588239e-08
5.483870967741936014e-06 -2.104396846054943511e-08
5.542521994134900832e-06 -2.714939741060005707e-09
5.601173020527859721e-06 1.549183555664352462e-08
5.659824046920824538e-06 3.356931987661577822e-08
5.718475073313782580e-06 5.151047011509033729e-08
5.777126099706748244e-06 6.930824364851909859e-08
5.835777126099706286e-06 8.695560447953450201e-08
5.894428152492671951e-06 1.044455294940427196e-07
5.953079178885629992e-06 1.217710148223839015e-07
6.011730205278595657e-06 1.389250822972185023e-07
6.070381231671553698e-06 1.559007860005356214e-07
6.129032258064519363e-06 1.726912188919308726e-07
6.187683284457477404e-06 1.892895195100426611e-07
6.246334310850443069e-06 2.056888787388174644e-07
6.304985337243401110e-06 2.218825466300320231e-07
6.363636363636366775e-06 2.378638392732964410e-07
6.422287390029324816e-06 2.536261457045665789e-07
6.480938416422290481e-06 2.691629348439839579e-07
6.539589442815248523e-06 2.844677624537158851e-07
6.598240469208214187e-06 2.995342781062867430e-07
6.656891495601172229e-06 3.143562321537491396e-07
6.715542521994137893e-06 3.289274826879269064e-07
6.774193548387095935e-06 3.432420024818334791e-07
6.832844574780060753e-06 3.572938859022789270e-07
6.891495601173019641e-06 3.710773557836052131e-07
6.950146627565984459e-06 3.845867702524187440e-07
7.008797653958943347e-06 3.978166294931509982e-07
7.067448680351908165e-06 4.107615824442644149e-07
7.126099706744867053e-06 4.234164334148880602e-07
7.184750733137831871e-06 4.357761486117271993e-07
7.243401759530790759e-06 4.478358625660763437e-07
7.302052785923755577e-06 4.595908844508624875e-07
7.360703812316713618e-06 4.710367042776967039e-07
7.419354838709679283e-06 4.821689989640135977e-07
7.478005865102637325e-06 4.929836382605016208e-07
7.536656891495602989e-06 5.034766905291580684e-07
7.595307917888568654e-06 5.136444283624557289e-07
7.653958944281526695e-06 5.234833340343044609e-07
7.712609970674491513e-06 5.329901047736659347e-07
7.771260997067449555e-06 5.421616578519131352e-07
7.829912023460416066e-06 5.509951354752671476e-07
7.888563049853374108e-06 5.594879094738817684e-07
7.947214076246338925e-06 5.676375857794533174e-07
8.005865102639296967e-06 5.754420086834966680e-07
8.064516129032263479e-06 5.828992648687637251e-07
8.123167155425221520e-06 5.900076872066039365e-07
8.181818181818186338e-06 5.967658583134114807e-07
8.240469208211144379e-06 6.031726138596690606e-07
8.299120234604110891e-06 6.092270456254798176e-07
8.357771260997068932e-06 6.149285042968707420e-07
8.416422287390033750e-06 6.202766019975502236e-07
8.475073313782991791e-06 6.252712145512370213e-07
8.533724340175958303e-06 6.299124834700963651e-07
8.592375366568916344e-06 6.342008176652677238e-07
8.651026392961881162e-06 6.381368948759166429e-07
8.709677419354839204e-06 6.417216628137114640e-07
8.768328445747804021e-06 6.449563400200831355e-07
8.826979472140763757e-06 6.478424164341064886e-07
8.885630498533728574e-06 6.503816536693262740e-07
8.944281524926686616e-06 6.525760849983257041e-07
9.002932551319651434e-06 6.544280150443242980e-07
9.061583577712611169e-06 6.559400191795905182e-07
9.120234604105575987e-06 6.571149426309214041e-07
9.178885630498534028e-06 6.579558992929538588e-07
9.237536656891498846e-06 6.584662702505430962e-07
9.296187683284456887e-06 6.586497020119239105e-07
9.354838709677423399e-06 6.585101044548574787e-07
9.413489736070381440e-06 6.580516484884329089e-07
9.472140762463346258e-06 6.572787634336541671e-07
9.530791788856304299e-06 6.561961341264053917e-07
9.589442815249270811e-06 6.548086977468254125e-07
9.648093841642228853e-06 6.531216403795681505e-07
9.706744868035193670e-06 6.511403933098405118e-07
9.765395894428151712e-06 6.488706290605238044e-07
9.824046920821118223e-06 6.463182571760834425e-07
9.882697947214076265e-06 6.434894197593500127e-07
9.941348973607041083e-06 6.403904867676207978e-07
9.999999999999999124e-06 6.370280510748862935e-07
1.005865102639296564e-05 6.334089233073064281e-07
1.011730205278592368e-05 6.295401264593853989e-07
1.017595307917888849e-05 6.254288902985791731e-07
1.023460410557184654e-05 6.210826455663497465e-07
1.029325513196481305e-05 6.165090179839268526e-07
1.035190615835777109e-05 6.117158220712791056e-07
1.041055718475073591e-05 6.067110547879945619e-07
1.046920821114369395e-05 6.015028890049733314e-07
1.052785923753665877e-05 5.960996668159893521e-07
1.058651026392961850e-05 5.905098926983340803e-07
1.064516129032258332e-05 5.847422265318602017e-07
1.070381231671554136e-05 5.788054764858634256e-07
1.076246334310850618e-05 5.727085917832937927e-07
1.082111436950146422e-05 5.664606553518645786e-07
1.087976539589443073e-05 5.600708763716285718e-07
1.093841642228738877e-05 5.535485827286368209e-07
1.099706744868035359e-05 5.469032133842455004e-07
1.105571847507331163e-05 5.401443106696237316e-07
1.111436950146627814e-05 5.332815125149551629e-07
1.117302052785923619e-05 5.263245446227405650e-07
1.123167155425220100e-05 5.192832125945203885e-07
1.129032258064516751e-05 5.121673940202215710e-07
1.134897360703812556e-05 5.049870305391860195e-07
1.140762463343109037e-05 4.977521198817952629e-07
1.146627565982404842e-05 4.904727079004342419e-07
1.152492668621701323e-05 4.831588805983509630e-07
1.158357771260997297e-05 4.758207561647570382e-07
1.164222873900293779e-05 4.684684770243198442e-07
1.170087976539589583e-05 4.611122019089399065e-07
1.175953079178886065e-05 4.537620979594995383e-07
1.181818181818182038e-05 4.464283328649747385e-07
1.187683284457478520e-05 4.391210670460854579e-07
1.193548387096774324e-05 4.318504458903514483e-07
1.199413489736070806e-05 4.246265920451608687e-07
1.205278592375366610e-05 4.174595977751714673e-07
1.211143695014663261e-05 4.103595173900713494e-07
1.217008797653959065e-05 4.033363597484287149e-07
1.222873900293255547e-05 3.964000808430741816e-07
1.228739002932551351e-05 3.895605764731455904e-07
1.234604105571848002e-05 3.828276750076394737e-07
1.240469208211143806e-05 3.762111302450078548e-07
1.246334310850440288e-05 3.697206143730385064e-07
1.252199413489736092e-05 3.633657110329824140e-07
1.258064516129032744e-05 3.571559084915682479e-07
1.263929618768328548e-05 3.511005929243023011e-07
1.269794721407625029e-05 3.452090418131397916e-07
1.275659824046920834e-05 3.394904174613519615e-07
1.281524926686217485e-05 3.339537606281687692e-07
1.287390029325513289e-05 3.286079842854906764e-07
1.293255131964809771e-05 3.234618674987518546e-07
1.299120234604105575e-05 3.185240494337581009e-07
1.304985337243402057e-05 3.138030234911148098e-07
1.310850439882698030e-05 3.093071315696488512e-07
1.316715542521994512e-05 3.050445584600248651e-07
1.322580645161290316e-05 3.010233263695735771e-07
1.328445747800586798e-05 2.972512895791834033e-07
1.334310850439882771e-05 2.937361292329437174e-07
1.340175953079179253e-05 2.904853482610863274e-07
1.346041055718475057e-05 2.875062664366385153e-07
1.351906158357771539e-05 2.848060155660992941e-07
1.357771260997067343e-05 2.823915348143268698e-07
1.363636363636363994e-05 2.802695661637710360e-07
1.369501466275659798e-05 2.784466500080765975e-07
1.375366568914956280e-05 2.769291208800600486e-07
1.381231671554252084e-05 2.757231033139928535e-07
1.387096774193548736e-05 2.748345078421155213e-07
1.392961876832844540e-05 2.742690271252700826e-07
1.398826979472141021e-05 2.740321322175557314e-07
1.404692082111436826e-05 2.741290689649037635e-07
1.410557184750733477e-05 2.745648545375025149e-07
1.416422287390029281e-05 2.753442740960239117e-07
1.422287390029325763e-05 2.764718775916551800e-07
1.428152492668621567e-05 2.779519766999828316e-07
1.434017595307918218e-05 2.797886418888497855e-07
1.439882697947214022e-05 2.819856996203573101e-07
1.445747800586510504e-05 2.845467296872842108e-07
1.451612903225806308e-05 2.874750626842501140e-07
1.457478005865102959e-05 2.907737776140780736e-07
1.463343108504398763e-05 2.944456996298547137e-07
1.469208211143695245e-05 2.984933979133356777e-07
1.475073313782991049e-05 3.029191836903993661e-07
1.480938416422287531e-05 3.077251083843882158e-07
1.486803519061583505e-05 3.129129619082511501e-07
1.492668621700879986e-05 3.184842710965266160e-07
1.498533724340175791e-05 3.244402982782786271e-07
1.504398826979472272e-05 3.307820399922312684e-07
1.510263929618768923e-05 3.375102258454024402e-07
1.516129032258064728e-05 3.446253175166622407e-07
1.521994134897361209e-05 3.521275079066986627e-07
1.527859237536657183e-05 3.600167204359769938e-07
1.533724340175953495e-05 3.682926084923283800e-07
1.539589442815249469e-05 3.769545550298807846e-07
1.545454545454546120e-05 3.860016723210951215e-07
1.551319648093841755e-05 3.954328018637246156e-07
1.557184750733138406e-05 4.052465144445209448e-07
1.563049853372434041e-05 4.154411103615881705e-07
1.568914956011730692e-05 4.260146198072327363e-07
1.574780058651026665e-05 4.369648034132231396e-07
1.580645161290322978e-05 4.482891529603096217e-07
1.586510263929618951e-05 4.599848922538649109e-07
1.592375366568915264e-05 4.720489781674463370e-07
1.598240469208211237e-05 4.844781018560447968e-07
1.604105571847507888e-05 4.972686901407115662e-07
1.609970674486803523e-05 5.104169070661760808e-07
1.615835777126100174e-05 5.239186556329770148e-07
1.621700879765396148e-05 5.377695797055243793e-07
1.627565982404692460e-05 5.519650660973770062e-07
1.633431085043988434e-05 5.665002468349042191e-07
1.639296187683284746e-05 5.813700016003295995e-07
1.645161290322580720e-05 5.965689603550205062e-07
1.651026392961877371e-05 6.120915061436724917e-07
1.656891495601173006e-05 6.279317780798939769e-07
1.662756598240469657e-05 6.440836745134636112e-07
1.668621700879765291e-05 6.605408563793363392e-07
1.674486803519061943e-05 6.772967507282443316e-07
1.680351906158357916e-05 6.943445544385166974e-07
1.686217008797654229e-05 7.116772381084767737e-07
1.692082111436950202e-05 7.292875501285558787e-07
1.697947214076246853e-05 7.471680209319673269e-07
1.703812316715542488e-05 7.653109674225450087e-07
1.709677419354839139e-05 7.837084975780578683e-07
1.715542521994134774e-05 8.023525152270487158e-07
1.721407624633431425e-05 8.212347249969416186e-07
1.727272727272727399e-05 8.403466374308928675e-07
1.733137829912023711e-05 8.596795742705603451e-07
1.739002932551319685e-05 8.792246739016810959e-07
1.744868035190615997e-05 8.989728969590374166e-07
1.750733137829911970e-05 9.189150320871328005e-07
1.756598240469208622e-05 9.390417018525718010e-07
1.762463343108504256e-05 9.593433688038802726e-07
1.768328445747800908e-05 9.798103416742001656e-07
1.774193548387096881e-05 1.000432781722026550e-06
1.780058651026393193e-05 1.021200709204873755e-06
1.785923753665689167e-05 1.042104009980499484e-06
1.791788856304985479e-05 1.063132442230051801e-06
1.797653958944281453e-05 1.084275643297259214e-06
1.803519061583578104e-05 1.105523136637539580e-06
1.809384164222873739e-05 1.126864338870693946e-06
1.815249266862170390e-05 1.148288566930607260e-06
1.821114369501466025e-05 1.169785045305198114e-06
1.826979472140762676e-05 1.191342913359658929e-06
1.832844574780058649e-05 1.212951232735861767e-06
1.838709677419354962e-05 1.234598994820625591e-06
1.844574780058650935e-05 1.256275128275421371e-06
1.850439882697947587e-05 1.277968506619936831e-06
1.856304985337243221e-05 1.299667955861834567e-06
1.862170087976539872e-05 1.321362262164919718e-06
1.868035190615835507e-05 1.343040179547877059e-06
1.873900293255132158e-05 1.364690437605655209e-06
1.879765395894428132e-05 1.386301749245559362e-06
1.885630498533724444e-05 1.407862818430070087e-06
1.891495601173021095e-05 1.429362347918411698e-06
1.897360703812316730e-05 1.450789046998908089e-06
1.903225806451613381e-05 1.472131639204193548e-06
1.909090909090909355e-05 1.493378870001396942e-06
1.914956011730205667e-05 1.514519514449495102e-06
1.920821114369501641e-05 1.535542384816108373e-06
1.926686217008798292e-05 1.556436338146131113e-06
1.932551319648093927e-05 1.577190283774695828e-06
1.938416422287390578e-05 1.597793190777129906e-06
1.944281524926686213e-05 1.618234095348709843e-06
1.950146627565982864e-05 1.638502108107198675e-06
1.956011730205278837e-05 1.658586421311323854e-06
1.961876832844575150e-05 1.678476315988598469e-06
1.967741935483871123e-05 1.698161168966054055e-06
1.973607038123167774e-05 1.717630459797731745e-06
1.979472140762463409e-05 1.736873777582993829e-06
1.985337243401760060e-05 1.755880827669995444e-06
1.991202346041055695e-05 1.774641438238902138e-06
1.997067448680352346e-05 1.793145566759739580e-06
2.002932551319648320e-05 1.811383306320037145e-06
2.008797653958944632e-05 1.829344891817714280e-06
2.014662756598240606e-05 1.847020706014980199e-06
2.020527859237536918e-05 1.864401285449307140e-06
2.026392961876832892e-05 1.881477326197858027e-06
2.032258064516129543e-05 1.898239689492068934e-06
2.038123167155425178e-05 1.914679407179392270e-06
2.043988269794721829e-05 1.930787687029547600e-06
2.049853372434017802e-05 1.946555917882924903e-06
2.055718475073314115e-05 1.961975674639123708e-06
2.061583577712610088e-05 1.977038723083913701e-06
2.067448680351906401e-05 1.991737024553238270e-06
2.073313782991202374e-05 2.006062740433158771e-06
2.079178885630499025e-05 2.020008236494989062e-06
2.085043988269794660e-05 2.033566087065123504e-06
2.090909090909091311e-05 2.046729079029383949e-06
2.096774193548386946e-05 2.059490215671982273e-06
2.102639296187683597e-05 2.071842720349468611e-06
2.108504398826979571e-05 2.083780040000306919e-06
2.114369501466275883e-05 2.095295848490965127e-06
2.120234604105571857e-05 2.106384049799642211e-06
2.126099706744868508e-05 2.117038781039006484e-06
2.131964809384164142e-05 2.127254415319496878e-06
2.137829912023460794e-05 2.137025564454972757e-06
2.143695014662756428e-05 2.146347081512666372e-06
2.149560117302053080e-05 2.155214063209549183e-06
2.155425219941349053e-05 2.163621852157415133e-06
2.161290322580645365e-05 2.171566038959071196e-06
2.167155425219941339e-05 2.179042464158184780e-06
2.173020527859237651e-05 2.186047220045413768e-06
2.178885630498533625e-05 2.192576652323548786e-06
2.184750733137830276e-05 2.198627361634451868e-06
2.190615835777125911e-05 2.204196204950617240e-06
2.196480938416422562e-05 2.209280296834245141e-06
2.202346041055718536e-05 2.213877010566670894e-06
2.208211143695014848e-05 2.217983979151065991e-06
2.214076246334310821e-05 2.221599096191227155e-06
2.219941348973607134e-05 2.224720516649278651e-06
2.225806451612903107e-05 2.227346657485041128e-06
2.231671554252199758e-05 2.229476198179744893e-06
2.237536656891495393e-05 2.231108081146664706e-06
2.243401759530792044e-05 2.232241512031168074e-06
2.249266862170087679e-05 2.232875959902528401e-06
2.255131964809384330e-05 2.233011157339725616e-06
2.260997067448680981e-05 2.232647100413295102e-06
2.266862170087976616e-05 2.231784048565153204e-06
2.272727272727273267e-05 2.230422524388091260e-06
2.278592375366569241e-05 2.228563313306519988e-06
2.284457478005865553e-05 2.226207463159770355e-06
2.290322580645161527e-05 2.223356283689108830e-06
2.296187683284457839e-05 2.220011345929373331e-06
2.302052785923753813e-05 2.216174481505921054e-06
2.307917888563050464e-05 2.211847781837357019e-06
2.313782991202346099e-05 2.207033597244266947e-06
2.319648093841642750e-05 2.201734535963936672e-06
2.325513196480938723e-05 2.195953463070817972e-06
2.331378299120235036e-05 2.189693499302215640e-06
2.337243401759531009e-05 2.182958019788481339e-06
2.343108504398827322e-05 2.175750652686708795e-06
2.348973607038123295e-05 2.168075277716710194e-06
2.354838709677419946e-05 2.159936024597808412e-06
2.360703812316715581e-05 2.151337271384753963e-06
2.366568914956012232e-05 2.142283642700836721e-06
2.372434017595307867e-05 2.132780007866060420e-06
2.378299120234604518e-05 2.122831478918024763e-06
2.384164222873900492e-05 2.112443408522978268e-06
2.390029325513196804e-05 2.101621387774286472e-06
2.395894428152492778e-05 2.090371243875425815e-06
2.401759530791789429e-05 2.078699037704411551e-06
2.407624633431085064e-05 2.066611061256450698e-06
2.413489736070381715e-05 2.054113834961473398e-06
2.419354838709677349e-05 2.041214104873059262e-06
2.425219941348974001e-05 2.027918839725223191e-06
2.431085043988269974e-05 2.014235227853408260e-06
2.436950146627566287e-05 2.000170673975990910e-06
2.442815249266862260e-05 1.985732795832582097e-06
2.448680351906158572e-05 1.970929420675372027e-06
2.454545454545454546e-05 1.955768581609771220e-06
2.460410557184751197e-05 1.940258513780664995e-06
2.466275659824046832e-05 1.924407650400604825e-06
2.472140762463343483e-05 1.908224618616374381e-06
2.478005865102639457e-05 1.891718235210448728e-06
2.483870967741935769e-05 1.874897502134003449e-06
2.489736070381231743e-05 1.857771601868263645e-06
2.495601173020528055e-05 1.840349892611181193e-06
2.501466275659824028e-05 1.822641903286607562e-06
2.507331378299120680e-05 1.804657328373363080e-06
2.513196480938416314e-05 1.786406022551844707e-06
2.519061583577712966e-05 1.767897995166111500e-06
2.524926686217008600e-05 1.749143404499634048e-06
2.530791788856305251e-05 1.730152551863272588e-06
2.536656891495601225e-05 1.710935875494340722e-06
2.542521994134897537e-05 1.691503944266012959e-06
2.548387096774193511e-05 1.671867451206691517e-06
2.554252199413490162e-05 1.652037206829370713e-06
2.560117302052785797e-05 1.632024132271463980e-06
2.565982404692082448e-05 1.611839252245984137e-06
2.571847507331378083e-05 1.591493687805454429e-06
2.577712609970674734e-05 1.570998648920375669e-06
2.583577712609970707e-05 1.550365426874602768e-06
2.589442815249267020e-05 1.529605386480451052e-06
2.595307917888562993e-05 1.508729958116899114e-06
2.601173020527859306e-05 1.487750629594768877e-06
2.607038123167155279e-05 1.466678937853305448e-06
2.612903225806451930e-05 1.445526460493123971e-06
2.618768328445747565e-05 1.424304807151031092e-06
2.624633431085044216e-05 1.403025610722802960e-06
2.630498533724340868e-05 1.381700518440535712e-06
2.636363636363636502e-05 1.360341182811749171e-06
2.642228739002933153e-05 1.338959252427984156e-06
2.648093841642228788e-05 1.317566362651177169e-06
2.653958944281525439e-05 1.296174126186647234e-06
2.659824046920821413e-05 1.274794123552056711e-06
2.665689149560117725e-05 1.253437893452261661e-06
2.671554252199413699e-05 1.232116923070445936e-06
2.677419354838710350e-05 1.210842638286488349e-06
2.683284457478005985e-05 1.189626393833945796e-06
2.689149560117302636e-05 1.168479463407561816e-06
2.695014662756598271e-05 1.147413029733618152e-06
2.700879765395894922e-05 1.126438174615915680e-06
2.706744868035190895e-05 1.105565868970561809e-06
2.712609970674487208e-05 1.084806962863127025e-06
2.718475073313783181e-05 1.064172175562111480e-06
2.724340175953079494e-05 1.043672085622978883e-06
2.730205278592375467e-05 1.023317121017324967e-06
2.736070381231672118e-05 1.003117549322026893e-06
2.741935483870967753e-05 9.830834679834469839e-07
2.747800586510264404e-05 9.632247946719974978e-07
2.753665689149560378e-05 9.435512577425175077e-07
2.759530791788856690e-05 9.240723868160747020e-07
2.765395894428152664e-05 9.047975034988958914e-07
2.771260997067448976e-05 8.857357122541964919e-07
2.777126099706744950e-05 8.668958914426990542e-07
2.782991202346041601e-05 8.482866845476326047e-07
2.788856304985337236e-05 8.299164915999285409e-07
2.794721407624633887e-05 8.117934608192571451e-07
2.800586510263929521e-05 7.939254804863992777e-07
2.806451612903226173e-05 7.763201710622731120e-07
2.812316715542522146e-05 7.589848775687390486e-07
2.818181818181818459e-05 7.419266622460137200e-07
2.824046920821114432e-05 7.251522975012613126e-07
2.829912023460411083e-05 7.086682591625702294e-07
2.835777126099706718e-05 6.924807200521496833e-07
2.841642228739003369e-05 6.765955438921690457e-07
2.847507331378299004e-05 6.610182795561970146e-07
2.853372434017595655e-05 6.457541556787083958e-07
2.859237536656891629e-05 6.308080756345914993e-07
2.865102639296187941e-05 6.161846129000277790e-07
2.870967741935483915e-05 6.018880068054985987e-07
2.876832844574780227e-05 5.879221586910560976e-07
2.882697947214076200e-05 5.742906284733082907e-07
2.888563049853372852e-05 5.609966316328890047e-07
2.894428152492668486e-05 5.480430366304313008e-07
2.900293255131965138e-05 5.354323627583361728e-07
2.906158357771261111e-05 5.231667784348205560e-07
2.912023460410557423e-05 5.112480999459433815e-07
2.917888563049853397e-05 4.996777906404748197e-07
2.923753665689149709e-05 4.884569605816320128e-07
2.929618768328445683e-05 4.775863666588357558e-07
2.935483870967742334e-05 4.670664131617769113e-07
2.941348973607037969e-05 4.568971528181807424e-07
2.947214076246334620e-05 4.470782882957618698e-07
2.953079178885630255e-05 4.376091741679530615e-07
2.958944281524926906e-05 4.284888193420758951e-07
2.964809384164222879e-05 4.197158899477083374e-07
2.970674486803519192e-05 4.112887126820774220e-07
2.976539589442815165e-05 4.032052786083968651e-07
2.982404692082111817e-05 3.954632474021542447e-07
2.988269794721407451e-05 3.880599520394420693e-07
2.994134897360704102e-05 3.809924039205395325e-07
2.999999999999999737e-05 3.742572984210557468e-07
